           1     2.193012254         4.821100905       -3.8483186267E-002    1.766027072     
           2     1.994840007         4.657093663        4.5932464374E-002    1.762394398     
           3     1.650371927         4.606254516        5.4796490228E-002    1.823700442     
           4     1.572493632         4.623237641        0.1678025576         1.669597012     
           5     1.709067488         4.562917662       -2.0599500281E-003    1.944190406     
           6     1.537685427         4.566721277        0.1569907267         1.599242170     
           7     1.882854244         4.684052503       -8.2511920356E-002    1.806524640     
           8     1.310093697         4.470087468        0.1474921319         1.870183194     
           9     1.136128343         4.323428712        0.1604856642         1.847426254     
          10     1.093093195         4.386821466        0.1565986424         1.799140073     
          11     1.952962104         4.786272486        2.2072264199E-002    1.811881777     
          12     1.838176718         4.723705320        3.9612824058E-002    1.699580545     
          13     2.253143489         4.838183084        5.1287582802E-003    1.709108114     
          14    0.7965493111         4.260762927        0.2228738407         1.926303852     
          15     1.701597970         4.583118790        0.1234389232         1.925240073     
          16     1.547459109         4.556914981        0.1642973371         1.889202389     
          17     2.751742019         4.944051343       -8.5767172028E-002    1.677269622     
          18     1.881192985         4.672994632       -2.4403115971E-002    1.613612837     
          19     1.574336482         4.588241736        3.5449357548E-002    1.702172881     
          20     1.528268364         4.545641406        0.1240064921         1.661582114     
          21     2.447436775         4.826878805       -4.4038551638E-002    1.887241203     
          22     1.554608255         4.679970799        0.1440042012         1.908690464     
          23     1.932868105         4.721152129       -6.2747407906E-003    2.027937777     
          24     2.250006278         4.771474318        2.5477248343E-002    1.960369498     
          25     1.297416235         4.484202584        0.1598065685         1.840711145     
          26    0.9601680469         4.284395865        0.2196788092         1.790879251     
          27     1.230819164         4.455614746        0.1314020260         1.954613864     
          28     2.371689845         4.811242868       -6.3943547943E-002    1.717917279     
          29     1.903262220         4.676556062        3.0623603763E-002    1.610231972     
          30     2.094056307         4.755307750        7.0689772026E-004    1.926001397     
          31     1.456104494         4.593709009        0.1162849195         1.649574609     
          32     2.083245037         4.719381442       -1.7244990682E-002    1.755265716     
          33     2.429521985         4.822542614       -0.1407330608         1.777801430     
          34     1.705572583         4.606738602        0.2009648950         1.790463360     
          35     1.707860290         4.635998489        0.1816569577         1.772780496     
          36     1.487829990         4.575840316        9.8452390022E-002    1.917812818     
          37     1.596759432         4.589771361        0.1450481368         1.745686033     
          38     1.983094073         4.688576922       -1.7376758231E-002    1.771395398     
          39     1.697932426         4.620198971        0.1101460153         1.797810370     
          40     2.444583516         4.863033342       -1.1197421922E-002    1.719797417     
          41     1.878936534         4.631846036        5.0871538917E-002    1.676531432     
          42     1.569167613         4.560485186        5.2866963861E-002    1.666528447     
          43     1.398547561         4.522880450        0.1158928431         1.713078918     
          44     1.523457580         4.567485213        4.8298926010E-002    1.860443898     
          45     1.787060316         4.614655835       -3.2212914091E-002    1.834608595     
          46     1.389173799         4.479041257        5.9806964107E-002    1.882446100     
          47     1.461098058         4.484368154        1.7368213256E-002    1.878160381     
          48     1.478116029         4.496801038        2.6141757667E-002    1.882756389     
          49     1.631289818         4.567167866       -2.4349788238E-002    1.945480570     
          50     2.468037054         4.864576921       -1.1882744705E-002    1.808871874     
          51     1.300080791         4.438559726        5.3648152369E-002    1.936011365     
          52     1.394884504         4.483884210        0.1820008081         1.683301075     
          53     1.314547711         4.463296573        0.1716676289         1.900039546     
          54     1.269848295         4.459365173        0.1531076266         1.981272450     
          55     1.310688039         4.441849572        0.1174327857         1.884652137     
          56     1.673960186         4.620109839        0.1921400726         1.810109115     
          57     1.797715582         4.668737563       -5.3617097682E-002    1.753347761     
          58     1.678081352         4.611181201       -1.7094670927E-002    1.741562291     
          59     1.619556741         4.611473329        2.9613498193E-002    1.761377074     
          60     2.381630161         4.787552865        5.5083725467E-002    1.825585094     
          61     3.172984127         4.950407341       -9.7097603253E-002    1.855194192     
          62     1.981997567         4.681875025        5.3711865110E-002    1.905523428     
          63     2.437402045         4.842799351        8.0053149778E-002    1.630577988     
          64     1.982068461         4.654015227       -4.1991329951E-002    1.756061918     
          65     2.220534121         4.833605284       -6.5824959064E-002    1.775417331     
          66     2.184701332         4.770894889       -6.9599319908E-003    1.739120947     
          67     2.135884586         4.740860984        2.7796872928E-002    1.745848836     
          68     2.424113710         4.860591072        3.5987024327E-002    1.866385746     
          69     1.623924748         4.637278000       -1.0045922714E-003    1.810486056     
          70     2.307945459         4.814173976        5.5751131719E-003    1.875235111     
          71     2.543869270         4.769168062       -4.3426616201E-002    1.744759257     
          72     2.315037241         4.849016102       -4.5114499268E-002    1.675457456     
          73     1.893457726         4.632292641        8.2475818754E-002    1.900375609     
          74     2.199389983         4.758338583        2.4557741053E-002    1.665774947     
          75     2.058688374         4.712351898        1.3389480944E-004    1.866153937     
          76     2.230427615         4.742749428       -3.5173114275E-002    1.793265623     
          77     2.150655534         4.893891125        1.1466441059E-002    1.909509188     
          78     1.435800657         4.523122915        6.3050364789E-002    1.908387270     
          79     1.602939215         4.576574522       -2.1484920654E-002    1.792488969     
          80     1.819428432         4.686846062       -7.2705244304E-002    1.802424908     
          81     2.272063088         4.855422049       -4.2912147024E-002    1.785635553     
          82     1.111935670         4.346723367        0.1366009969         1.878584242     
          83     1.513372039         4.594712995        0.1647545480         1.741569724     
          84     1.765431938         4.555134359        5.7068184343E-002    1.917834305     
          85     1.465408365         4.537280677        0.1122762278         1.885330722     
          86     1.768056008         4.665653168        0.1062054296         1.778061926     
          87     2.157485666         4.731730866        9.4498164139E-002    1.727111917     
          88     2.533461244         4.777698930       -9.1903445387E-002    1.987649837     
          89     2.583012320         4.780476247        7.7454245080E-002    1.552459840     
          90     2.704996367         4.835479372       -1.8245306452E-002    1.948938423     
          91     1.800262867         4.598872549        9.4933865941E-002    1.674351934     
          92     1.381293962         4.552658939        4.5724888206E-002    1.868106488     
          93     2.017922488         4.721614762        6.8660812889E-002    1.867449405     
          94     2.555411848         4.801462595       -8.5451322954E-003    1.750692883     
          95     1.330142984         4.609325841        0.1484240619         1.862862611     
          96     2.933326150         4.940921010       -0.1393889457         1.763000172     
          97     2.998829941         4.963319733       -0.1532434311         1.785184192     
          98     2.495539127         4.801756309       -0.1292905780         1.738191093     
          99     1.365906421         4.549002236        0.1494449824         1.884714401     
         100     2.071781879         4.742596269        0.1090341060         1.755828698     
         101     1.666264052         4.594636542        3.6290764121E-002    1.819197571     
         102     1.279489206         4.525411527        0.1082369339         1.777710660     
         103     2.378261049         4.802848067       -5.2033718456E-002    1.867246668     
         104     1.773399074         4.607667475        0.1671627816         1.784439911     
         105     2.265515934         4.770025396       -6.0521415524E-002    1.738798344     
         106     2.243391108         4.799108837       -7.6559222465E-002    1.788235851     
         107     1.723996580         4.626511597        3.5908052597E-002    1.675014010     
         108     1.651604707         4.614026423        5.1062292566E-002    1.684552198     
         109     2.128763789         4.738297351       -5.6322737156E-002    1.740036099     
         110     2.661592378         4.847700673       -2.4526996429E-002    1.700142601     
         111     2.032124926         4.678662424        3.9910657098E-002    1.807312286     
         112     2.931869301         4.890559268       -1.4623222093E-002    1.709374035     
         113     1.499343924         4.634217641        2.9228497637E-002    1.783108060     
         114     1.911062956         4.745084893       -1.3716475677E-002    1.804902923     
         115     1.833426915         4.660644861        0.1293669693         1.762146629     
         116     1.843051935         4.618001480        6.9653048302E-002    1.876993842     
         117     1.256129432         4.408777124        0.1427836623         1.937320427     
         118     1.209799092         4.422035828        0.1602633149         1.943533602     
         119     1.577564641         4.609221542       -1.1519216353E-002    1.709677894     
         120     2.006168992         4.697668865       -4.4713961086E-002    1.661106608     
         121     1.462410632         4.594831347        9.5590180460E-003    1.741445487     
         122     2.654299384         4.973532912       -0.1319773110         1.808408005     
         123     2.086082574         4.675093389       -3.8883386802E-002    1.852815297     
         124     2.030959918         4.703250224       -3.0510791880E-002    1.812998027     
         125     1.760526528         4.670014049       -2.1827660573E-002    1.854067747     
         126     1.374156673         4.564867479        2.5047117713E-002    1.855651565     
         127     2.183419555         4.686093963        3.3763727148E-002    1.683081779     
         128     2.176802187         4.713432809        3.9514073579E-002    1.886821615     
         129     2.656025285         4.766086909        4.7476347368E-002    1.841732647     
         130     3.638072236         4.930142029       -0.1207065198         1.704649100     
         131     3.729286266         4.947293519       -8.6314548170E-002    1.643942229     
         132     3.467448695         4.828477028       -3.1479999563E-002    1.802860980     
         133     3.859795357         5.016377814       -7.7919767651E-002    1.836309956     
         134     2.624443995         4.892448020       -3.8310377250E-002    1.667596546     
         135     2.118428048         4.711343003       -3.1000288671E-002    1.788159773     
         136     2.296639455         4.730486258        9.2428058367E-002    1.872407411     
         137     2.609139721         4.896967074        8.7506954164E-004    1.827478919     
         138     2.412647593         4.806579408        2.8532873242E-002    1.848648014     
         139     2.903669951         4.929225766       -4.1829947176E-002    1.807989587     
         140     1.971673400         4.626589169        1.2627964595E-002    1.739880924     
         141     2.057413577         4.709046238       -1.3572677322E-002    1.724896190     
         142     2.385549785         4.787898497       -6.6677310709E-002    1.688321385     
         143     1.715399502         4.659347031       -1.2986606119E-002    1.866862010     
         144     1.452250274         4.576353293        0.1494282192         1.720271289     
         145     2.055362377         4.799861117        8.8798837413E-002    1.731094063     
         146     1.537736737         4.568304317        0.1164281064         1.823021693     
         147     1.884058015         4.739751918       -2.7215951597E-002    1.762790423     
         148     2.531062272         4.900541177       -5.8011396232E-002    1.749537669     
         149     1.379272299         4.466459469        4.0836974494E-002    1.697152211     
         150     2.513219516         4.936091149       -8.9379648290E-002    1.796323720     
         151     1.645399124         4.682994830       -5.8057383124E-002    1.839911202     
         152     1.627921821         4.684175436       -5.7389719298E-002    1.842226030     
         153     3.036322746         4.895554736       -6.2430411024E-003    1.744627918     
         154     3.236648266         4.876073663       -5.6196547501E-002    1.773923684     
         155     2.936442604         4.862871757       -4.0017121921E-002    1.723070226     
         156     3.013852561         4.894605233       -9.3198737941E-002    1.726904100     
         157     2.368062026         4.780172042       -3.2121918714E-002    1.717663992     
         158     2.582874813         4.857350683       -2.9425514262E-002    1.775485311     
         159     1.603021756         4.590402216        2.1774187434E-002    1.831799229     
         160     1.633204948         4.581461200        8.6654904122E-002    1.867145389     
         161     1.842585799         4.668140269       -8.3274610149E-002    1.830271020     
         162     2.284518690         4.826131535        3.4950702052E-002    1.692345696     
         163     1.455709974         4.530146509        0.2072883396         1.698473508     
         164     1.836874357         4.648493085        6.2140543711E-002    1.974269812     
         165     1.602947484         4.603044351        3.4958468119E-002    1.704046486     
         166     2.450512375         4.836937834       -6.6576074600E-002    1.830418271     
         167     2.400655493         4.789953213       -6.3613036555E-002    1.659944099     
         168     2.442680405         4.783196018        5.8419301163E-002    1.925311154     
         169     2.088806592         4.703394292        5.3968555712E-002    1.879698927     
         170     1.396071544         4.572839850        0.1343864573         1.800810110     
         171     1.427299075         4.600255218        0.1371959004         1.817669318     
         172     2.754301812         4.917961208       -0.1142123652         1.830797705     
         173     2.359849401         4.827005557       -7.7096141154E-002    1.844117145     
         174     1.927926513         4.649536143        3.2292017816E-002    1.776325285     
         175     1.789916676         4.702910993        2.4796880552E-002    1.839978115     
         176     3.199869280         4.890661728        5.9990877382E-002    1.798150527     
         177     2.706262873         4.815809162        2.4884443965E-002    1.763836711     
         178     2.477988385         4.828509127       -2.2806049764E-002    1.758015206     
         179     2.217150874         4.748277871       -1.2376022032E-002    1.763977684     
         180     2.762596450         4.906463397       -4.9240785242E-002    1.812209700     
         181     1.243333550         4.513732326        9.2278168224E-002    1.891852733     
         182     1.870427646         4.676321203        4.0665128426E-002    1.903829109     
         183     1.407266953         4.552811162        0.1859677138         1.836769627     
         184     1.214564847         4.360005648        0.1451972258         1.838347886     
         185     1.193701946         4.424299995        0.1574598926         1.700368794     
         186     1.310660309         4.449197557        0.1308468668         1.751681080     
         187     1.275632585         4.435517032        0.1387271504         1.764683374     
         188     1.330995922         4.499302816        0.2006814895         1.931053355     
         189     1.209175014         4.449969699        0.2539583816         1.971200546     
         190     1.008391062         4.313384978        0.2237771154         1.830103497     
         191     1.675822833         4.615339790       -1.8491390908E-002    1.747436097     
         192     1.647878285         4.610661913       -1.6710791273E-002    1.727399745     
         193     1.701483569         4.602658394        0.1944448525         1.788868439     
         194     1.697567865         4.542358059        0.1258900898         1.905638062     
         195     1.924124077         4.679323876        6.3543342642E-002    1.894635358     
         196     1.869573939         4.681773208        4.1990106342E-002    1.668015657     
         197     2.025303243         4.715875229        9.2714325889E-004    1.795740176     
         198     1.181086628         4.486209045        0.1816904334         1.747706741     
         199     1.223302352         4.491618481        0.1767336995         1.758097341     
         200     1.696574034         4.653913259       -2.9815119221E-002    1.800600104     
         201     1.112644310         4.407493517        0.2783088269         1.800372125     
         202     1.870019782         4.673042360        4.0140704890E-002    1.930841249     
         203     1.750540450         4.590357465        6.8057264373E-002    1.865194933     
         204     1.161662003         4.465145818        0.2202005713         1.820749634     
         205     1.341328928         4.505362602        0.2877740923         1.737273626     
         206     1.148379406         4.463601460        0.2928102546         1.736668711     
         207    0.8930859549         4.213706039        0.2513699763         1.860824192     
         208     1.065721597         4.321669664        0.2199809943         1.889771902     
         209     1.675059829         4.623241458        6.4536613282E-002    1.675811777     
         210     2.182213590         4.771668449       -5.1584868667E-002    1.866932421     
         211     1.920779624         4.742035773       -6.2165500918E-002    1.823128860     
         212     2.632550199         4.808465284        0.1438463374         1.942355831     
         213     2.655393633         4.857983999        4.4245310850E-002    1.995938115     
         214     1.422926996         4.590326471        8.7933934793E-002    1.751862881     
         215     1.628172212         4.644266958        8.0714330736E-002    1.745703098     
         216     1.978007728         4.713528601        6.8081231262E-002    1.817567500     
         217     1.301544576         4.522466200        0.1790506868         1.757498727     
         218     1.430006214         4.499636320        0.1576232156         1.757254903     
         219     1.544290357         4.574909356        9.8731155310E-002    1.856133782     
         220    0.9384776226         4.258778419        0.1759942413         1.819597534     
         221    0.9232309665         4.261799893        0.2071890718         1.864543023     
         222     1.217364220         4.371202212        0.1120155767         1.903367422     
         223     1.852308605         4.659431115        7.5851080690E-002    1.736989584     
         224     1.465409182         4.465438333        6.2494038454E-002    1.725279468     
         225     1.394095826         4.483421406        8.5864200456E-002    1.754752237     
         226     1.284940053         4.424725697        8.5679049159E-002    1.857837334     
         227     1.905895004         4.671606350       -1.2862191943E-002    1.792120516     
         228     2.701360375         4.875334831       -8.2379558970E-002    1.694981739     
         229     1.747998253         4.622450956        0.1160076919         1.831518841     
         230     1.787502656         4.646919744        0.1707038966         1.803966285     
         231     1.341497448         4.543340116        0.1550111948         1.740180897     
         232     1.742223791         4.630802991        9.5735281275E-002    1.742779772     
         233     1.254327941         4.479775792        0.1332185191         1.762881760     
         234     1.972765383         4.633112222        2.2028013880E-002    1.715358520     
         235     2.300419161         4.799238156       -3.3900322049E-002    1.689685513     
         236     1.448888872         4.550037548        0.1642522888         1.965970836     
         237     1.501646052         4.573405354        0.1502998902         1.944759301     
         238     1.484704054         4.559782854        0.1552806929         1.991702774     
         239     1.125465177         4.435964661        0.2903503354         1.830849580     
         240     1.122525191         4.324740898        0.1666904237         1.845672518     
         241     1.658976939         4.634853096        0.1884652629         1.819679389     
         242     1.265146173         4.478854819        0.1775391894         1.775266314     
         243     1.401611903         4.478448676        0.1004511497         1.710709600     
         244     1.251172840         4.422762287        0.2124060845         1.633592602     
         245     1.198942132         4.434919285        0.2164884854         1.672371503     
         246     1.485867321         4.567861553        0.1649397827         2.045836689     
         247     1.183021610         4.413136802        0.2988382133         1.741547230     
         248    0.8899061283         4.216590502        0.1689024295         1.862930768     
         249    0.8521624176         4.230433313        0.1850938970         1.842820110     
         250    0.8521624176         4.230433313        0.1850938970         1.842820110     
         251     1.115624607         4.294514765        0.1876256097         1.802040889     
         252     1.030396087         4.296312069        0.1845654228         1.827329288     
         253     1.141388927         4.365005972        0.1637758899         1.768575595     
         254     2.455815039         4.906049221       -5.0555755685E-002    1.734745487     
         255     1.219905215         4.378271989        0.1352440047         1.829783324     
         256     1.133984242         4.367974670        0.1375857626         1.809458111     
         257     1.347423421         4.503774019        0.1161163314         1.840346483     
         258     2.764073006         4.891786688        3.8310280913E-002    1.831445200     
         259     1.849137867         4.708943027        2.3017099086E-002    1.759667520     
         260     2.325591270         4.812189176       -2.0379315304E-002    1.773283753     
         261     1.153375227         4.435477350        0.1654991958         1.809449753     
         262     2.487411831         4.873835266       -2.5513289288E-002    1.851050842     
         263     1.517050696         4.506355239        0.1014096532         1.689703681     
         264     1.614437666         4.549286298        0.1451952770         1.782029853     
         265     2.480121045         4.847899974        1.2404631307E-002    1.939466665     
         266     1.399994338         4.480690932        6.7100515263E-002    1.972821563     
         267     1.830466869         4.654416432        7.3567613995E-002    1.859315523     
         268     1.896483809         4.718188221        3.2186638251E-002    1.686710157     
         269     1.273513198         4.440221026        0.1202282433         1.800331597     
         270     2.069852011         4.767500016        2.0845927035E-003    1.765956032     
         271     1.465987656         4.508637723        7.9383495833E-002    1.768246256     
         272     1.343604133         4.505744662        0.1818057188         1.683661956     
         273     1.343770205         4.518181845        0.1178864370         1.743063586     
         274     2.151833405         4.743535136       -8.9123204594E-002    1.710864149     
         275     2.046118799         4.725473711       -0.1177819784         1.711239435     
         276     1.995007922         4.723801881       -0.1065408110         1.734460355     
         277     2.002262952         4.721051105       -0.1112861644         1.746378065     
         278     1.951906636         4.799235543       -5.2417295458E-003    1.758124742     
         279     2.113702873         4.812211802        3.0244754143E-002    1.827411259     
         280     2.718869462         4.859284447       -0.1838613156         1.750378426     
         281     2.573689388         4.801265596       -2.4958199115E-002    1.726199411     
         282     1.838508907         4.635606546        0.1083123856         1.802118045     
         283     2.488651123         4.865312971        5.8665420782E-003    1.894150498     
         284     2.312386985         4.721959123        3.6969490716E-002    1.791518410     
         285     1.723583067         4.555163020        4.3904850851E-002    1.776963062     
         286     2.697714525         4.839265796       -7.3465302743E-002    1.707774924     
         287     2.451627497         4.803592594       -2.2318757869E-002    1.702968417     
         288     2.296088435         4.764396712        1.6144432671E-002    1.755681415     
         289     1.756821581         4.672258825        2.1690601150E-002    1.841688020     
         290     2.277252290         4.779150734       -4.6496911977E-002    1.868335672     
         291     1.772803936         4.655557550        9.3448052603E-002    1.660488125     
         292     1.806088285         4.654830327       -4.1556554327E-002    1.776416054     
         293     1.780772095         4.665730020        0.1374453492         1.769656365     
         294     1.699196845         4.626755170        0.1200184097         1.787294901     
         295     1.647977004         4.561625720        7.3161281244E-002    1.821238228     
         296     1.324567272         4.484777592        3.7059666433E-002    1.780013105     
         297     2.463697342         4.849729908       -5.0749455429E-002    1.803099118     
         298     2.511502435         4.804858002        1.6582442332E-002    1.689366225     
         299     1.735505717         4.640813080        2.8970609241E-002    1.846604929     
         300     3.031235452         4.906365544       -6.2712243220E-002    1.828835777     
         301     2.988636135         4.859118242       -2.7043563750E-002    1.895585249     
         302     2.764168546         4.805631301        1.1731223854E-002    1.913398977     
         303     2.804738718         4.892682011       -2.1622220986E-002    1.828004120     
         304     3.346423277         4.897125119       -6.8767060158E-002    1.763366944     
         305     3.440004478         4.931049664       -4.4545692880E-002    1.739564509     
         306     3.235474309         4.904963497       -9.1047501250E-002    1.678985966     
         307     3.388847835         4.920928668       -2.8999072708E-002    1.807477337     
         308     3.280929368         4.915304233       -0.1079930628         1.698721353     
         309     3.056265820         4.858889198       -2.7353218275E-002    1.691951496     
         310     2.760050836         4.813557585        2.3287388115E-002    1.913500518     
         311     3.558694900         4.986576761       -0.1028503819         1.701347176     
         312     3.381881551         4.912457268       -8.5735242600E-002    1.690097931     
         313     3.054578872         4.847785991       -3.5259544545E-002    1.732661680     
         314     2.909797411         4.848497615        5.4519861137E-003    1.724568476     
         315     3.087152438         4.926179631       -4.1855822970E-002    1.709455596     
         316     2.805356129         4.812059789        1.3937304908E-002    1.638348124     
         317     2.218513007         4.729238508        2.2509969851E-002    1.822151279     
         318     1.596095636         4.640710792        6.3875410494E-002    1.743500295     
         319     1.638324839         4.628088722        2.4759633212E-002    1.828039703     
         320     2.085503962         4.764533371       -3.3726852047E-004    1.772839541     
         321     1.698965122         4.636341404       -8.6904807115E-002    1.909470433     
         322     2.173885782         4.776633101       -7.1545142657E-003    1.943513066     
         323     1.391850517         4.516795186        6.5780221594E-002    1.626772232     
         324     1.636373919         4.575176773        7.0291001593E-002    1.681585138     
         325     2.275507898         4.749097882        8.4607798704E-003    1.657018429     
         326     1.876560342         4.715870201        4.4371857301E-002    1.974238690     
         327     1.849059942         4.691299559        1.7846125687E-002    2.026389347     
         328     1.926300582         4.731707827        9.4613522539E-003    2.015785431     
         329     2.160528705         4.754941216        5.4767837844E-002    1.763865494     
         330     1.471223707         4.562973040        0.1060670453         1.784727480     
         331     1.543067169         4.511466693        0.1336599768         1.724671562     
         332     2.027199468         4.780565906       -2.8694852055E-002    1.923815367     
         333     1.881816536         4.656278573        5.0077002561E-003    1.733869070     
         334     1.711899345         4.619741176       -3.6478899992E-002    1.835782822     
         335     2.199040508         4.781900800        8.4010016714E-002    1.858320426     
         336     2.446786027         4.836133641       -4.1118558828E-002    1.676425350     
         337     2.689911466         4.815442370       -3.5095596550E-002    1.670874252     
         338     1.283686071         4.534024578        7.3723211516E-002    1.882484210     
         339     1.542564850         4.615869655        8.8092841614E-002    1.915443084     
         340    0.9732970628         4.336032935        8.4813197284E-002    1.714563982     
         341     1.934612062         4.807508697        7.5264941001E-002    1.885290745     
         342     1.702703289         4.657813499        4.9233371026E-002    1.907352935     
         343     1.972312833         4.729566970        2.2631201472E-002    1.839925635     
         344     1.758325269         4.649016813        5.1742956781E-002    1.826897523     
         345     1.896973587         4.704236618        5.4339283333E-002    1.904117944     
         346     1.655711178         4.639871999        5.2173165667E-002    1.877801195     
         347     1.616841105         4.513502684        1.2573406114E-002    1.787422880     
         348     1.760145341         4.696714773        0.1139744249         1.845865404     
         349    0.8493962812         4.237393163        0.3248985902         1.844245606     
         350    0.8493962812         4.237393163        0.3248985902         1.844245606     
         351     1.544437655         4.607255712        0.1192879002         1.905183289     
         352     1.910117848         4.663457032       -2.1572002710E-002    1.684710992     
         353     1.619688662         4.585614698       -2.6877069753E-002    1.685500009     
         354     2.129675906         4.731588075       -4.1394574336E-002    1.637273637     
         355     2.639111677         4.893523025       -0.1068546192         1.618041712     
         356     2.616835256         4.894212617       -0.1111806472         1.657520157     
         357     1.991739553         4.654823471        5.2203918736E-002    1.705346792     
         358     2.061745145         4.680720982        5.9376375111E-002    1.677385315     
         359     1.872595920         4.634654949        3.5326300666E-002    1.710396102     
         360     2.157027907         4.757248661       -4.7921579715E-003    1.677827053     
         361     1.839032459         4.703812427       -5.6150038967E-002    1.749872051     
         362     2.006215944         4.683812747       -2.8241079830E-002    1.584163425     
         363     1.870074739         4.658292121       -7.3717883437E-003    1.603425290     
         364     1.737313285         4.600772293        6.8657525105E-003    1.626104219     
         365     1.709231007         4.706240437        2.2269432910E-002    1.590298316     
         366     2.119930260         4.820911452       -2.3676481755E-002    1.589779914     
         367     1.559138574         4.501249669        8.3916831987E-002    1.822233623     
         368     1.762153429         4.708820833        5.8612100999E-002    1.752302107     
         369     1.877621643         4.576963249        9.6680313496E-002    1.829353109     
         370     1.123209626         4.523672632        0.2406762288         1.775869840     
         371     2.597832810         4.816463538       -5.3809202402E-002    1.717522857     
         372     2.709701139         4.856157432       -4.0637684676E-002    1.612534772     
         373     1.553971730         4.620500021       -3.0935248062E-003    1.880077724     
         374     2.506710037         4.903551538        2.3396389072E-002    1.780500258     
         375     2.346361414         4.853939707        4.5415006445E-002    1.773049645     
         376     1.600967263         4.567743568        1.1578071410E-002    1.795833435     
         377     1.976562116         4.714558064        1.1084900121E-002    1.877150341     
         378     2.472664133         4.776621173        1.1678459659E-002    1.714020854     
         379     1.656584537         4.681314667        2.9649473895E-002    1.792820247     
         380     2.478057413         4.754209683        1.4821979068E-002    1.802729881     
         381     2.696710438         4.894595339       -4.7516473787E-002    1.906340265     
         382     1.625908359         4.548600376        7.5774863484E-002    1.919090694     
         383     1.272759249         4.472748519        0.1304279194         1.904782313     
         384     2.491494764         4.843462975       -3.7774823797E-002    1.673581972     
         385     2.480363990         4.776246663       -1.7525770678E-002    1.584927913     
         386     2.483358455         4.763183500        1.2504628760E-002    1.985539298     
         387     2.870855742         4.876065816        1.4334706210E-002    1.809357489     
         388     1.081828754         4.489979117        0.2259149303         1.922313802     
         389     1.439240322         4.583626597        0.2035256037         1.922964518     
         390     1.459491591         4.615042918        0.1992885301         1.912645235     
         391     1.617408417         4.587521761        0.1594188811         1.910472382     
         392     2.478968776         4.873418954       -7.5699226174E-002    1.654325957     
         393     2.372389258         4.811225850       -4.9841056373E-002    1.625992705     
         394     1.505638882         4.568284597        9.2653148276E-002    1.769144196     
         395     1.125601373         4.425833351        0.1428892862         1.793867418     
         396     1.389214836         4.501181103        0.1843479842         1.756070416     
         397     1.356635082         4.473892929        0.2013510973         1.824479184     
         398     1.271134428         4.417515476        0.1565238672         1.734937738     
         399     2.557819649         4.910919059       -6.6957759108E-002    1.707321662     
         400     2.455488250         4.874832940       -8.2792104129E-002    1.705478900     
         401     1.524430820         4.634088411       -9.5266591586E-003    1.804868313     
         402     3.916830428         4.902361751       -3.8315188069E-002    1.741687391     
         403     3.865859814         4.900999745       -0.1053489774         1.766825851     
         404     3.438510224         4.929569220       -2.9985822333E-002    1.712825219     
         405     3.070085600         4.806214954       -1.6779411727E-003    1.714999411     
         406     4.154824697         5.008401460       -8.3048080194E-002    1.672528806     
         407     3.752029397         4.876442251       -5.8602465330E-002    1.667783732     
         408     4.172746505         5.010795946       -0.1088924944         1.756248924     
         409     3.683117050         4.953177165       -0.1043418409         1.914666989     
         410     3.535000586         4.915362454       -7.4036366683E-002    1.906770445     
         411     3.801400515         5.011676672       -0.1527757271         1.920963797     
         412     3.035666576         4.814058349       -3.1607844507E-002    1.900199243     
         413     3.255945940         4.933140149       -8.6191679414E-002    1.836671470     
         414     1.692962821         4.664919367        4.4324419884E-002    1.774069037     
         415     1.452598840         4.489452216        0.1134040800         1.628376116     
         416     1.989566147         4.795952491        3.1956490642E-002    1.956416272     
         417     1.554185039         4.545034449        0.1643453597         1.991732017     
         418    0.9296616715         4.334693561        0.2766241411         1.983495220     
         419     1.056225588         4.375240021        0.2609547501         1.955008402     
         420     1.496957412         4.529711382        0.1353267338         1.858533889     
         421     1.753751188         4.691312980        0.1063909913         1.861637695     
         422     1.104382337         4.342778043        0.1494631838         1.846919115     
         423    0.9612008513         4.314577667        0.2596012324         1.803169236     
         424     1.371513711         4.494811223        5.5419434546E-002    1.798319512     
         425     2.557465268         4.887626671       -4.0131302592E-002    1.845742436     
         426     3.184073368         4.877469419       -6.2570314696E-002    1.798756486     
         427     3.498496989         4.950952934       -6.5286789324E-002    1.793331011     
         428     3.021577557         4.925517663       -0.1138808463         1.850457867     
         429     2.271016067         4.810954583        1.6913578166E-002    1.687372109     
         430     2.208409614         4.737669512       -1.7289202645E-002    1.732431973     
         431     2.231040584         4.761196459        6.4455388388E-002    1.886285710     
         432     2.268861594         4.748219242       -6.8810629074E-002    1.862465015     
         433     2.039955795         4.714551893       -8.4754145269E-002    1.932993176     
         434     1.568724507         4.597997217        0.1467754528         1.653279149     
         435     1.171540180         4.390095829        0.1869549837         1.725844795     
         436     1.392639277         4.546394589        0.1625656038         1.703316041     
         437     1.578831477         4.569835777        0.1475423725         1.745745986     
         438     1.605091401         4.551119951        0.1672135610         1.768357515     
         439     1.750063657         4.697908253        3.3951912188E-002    1.964506576     
         440     2.013449107         4.650451454        5.5751104213E-002    1.907006100     
         441     1.089049883         4.439448278        0.1193263927         1.994100570     
         442     2.293572102         4.806318794        1.5373822933E-003    1.930676769     
         443     1.702083932         4.588309108        2.7422579896E-002    2.023987317     
         444     2.096842305         4.778577019        8.6451607930E-003    1.844181270     
         445     1.705274755         4.679947201        7.6661317872E-002    1.829371376     
         446     1.747845094         4.680243271        8.7581513830E-002    1.778810387     
         447     1.147376881         4.337649483        0.2046107027         1.862433116     
         448     1.435858362         4.542585024        0.2288824471         1.848888663     
         449     2.487154988         4.886249603       -6.9852848443E-002    2.014485857     
         450     2.199579418         4.843779259       -4.1363434967E-002    2.066828335     
         451     1.799805448         4.765583411       -3.1056282696E-002    1.690035708     
         452     2.127881794         4.812125695       -4.1965248796E-002    1.681547483     
         453     2.122886327         4.672203393        4.2192094127E-002    1.867466190     
         454     1.990984585         4.738505329        3.1955928785E-002    1.822062778     
         455     2.000380065         4.770599986        9.3869981267E-002    1.853870138     
         456     1.739215520         4.721755322        0.1704442616         1.828629974     
         457     2.505275993         4.805331131       -0.1170921836         1.923219768     
         458     1.758358267         4.748441893        7.0629800776E-002    1.769485927     
         459     1.818744647         4.615972679        1.2528594722E-002    1.620909316     
         460     2.095256363         4.790157781        1.8024285110E-003    1.730059198     
         461     1.411703678         4.500826585        9.4002158894E-002    1.785240319     
         462     1.973918309         4.758303461        4.1883695741E-002    1.766927990     
         463     1.750725472         4.616705876       -1.9992769190E-003    1.756663981     
         464     1.899801793         4.746856734        7.7613154907E-002    1.691531484     
         465     2.510670710         4.771636513       -4.4419129941E-002    1.785046836     
         466     2.276618790         4.744431090        3.0936744198E-002    1.702595156     
         467     1.676141749         4.600677198        6.5191224537E-002    1.804772747     
         468     1.140413142         4.409798905        0.1425776539         1.760764624     
         469     2.072754373         4.801087353        0.1066866071         1.867987529     
         470     1.483605897         4.618794796        0.1310358735         1.878266303     
         471     2.064442951         4.815481351        6.7091979232E-002    1.844530461     
         472     1.328248952         4.472511316        0.1258228846         1.773471812     
         473     2.000749696         4.747331373       -2.2304201949E-002    1.777922732     
         474     1.915992655         4.745830557       -3.0258949077E-002    1.773818354     
         475     1.204512233         4.417536991        0.1720229079         1.855991200     
         476     1.139486705         4.385480925        0.2058501892         1.856760212     
         477     2.222419222         4.802059525       -2.5396888571E-002    1.728049384     
         478     2.272355682         4.767681843        2.9387752679E-002    1.739659591     
         479     2.452218794         4.844315104        1.9801497246E-002    1.724466559     
         480     2.590097830         4.840550513       -0.1009459013         1.789778456     
         481     2.306789221         4.755317413        5.4449175343E-002    1.718240709     
         482     2.798302514         4.895544856       -8.1853287875E-002    1.804311244     
         483     2.771456271         4.891414064       -3.5913691726E-002    1.767696172     
         484     1.787067140         4.596476011        9.8410335674E-002    1.827332723     
         485     1.392814681         4.525268623        0.1867890143         1.843488424     
         486     1.195621583         4.387539138        6.1480324994E-002    1.716208940     
         487     1.292604676         4.434551669        8.6860708327E-002    1.754799448     
         488     1.375598117         4.486047333        0.1309712673         1.905670581     
         489     1.723206533         4.626283693       -2.2540373929E-002    1.880933542     
         490     2.200220031         4.754530839       -2.7575207617E-002    1.790210374     
         491     1.990129246         4.751333186       -3.9712978697E-002    1.837592099     
         492     1.864911958         4.651398115        3.2497335243E-002    1.636219210     
         493     1.301779728         4.507339580        0.1614390403         1.880673480     
         494     1.243266298         4.480105576        0.1682361365         1.882403872     
         495     1.832891572         4.694327876        2.6977448858E-002    1.866076071     
         496     1.166048954         4.390817638        0.1647273923         1.786031996     
         497     1.639407264         4.624969477        0.1092293808         1.895109142     
         498     1.537385143         4.583555048        0.1357466207         1.817103669     
         499     2.286837883         4.738917682        5.5991359317E-002    1.863599897     
         500     2.592938697         4.809917377        5.4221059097E-002    1.861730617     
