           1  1.25  2.45   4.1     0     1
           2  1.25  6.05  3.77     0     1
           3  1.25  5.02  4.61     0     1
           4  1.25   1.2  3.45     0     1
           5  1.25  4.98  4.56     0     1
           6  1.25  3.99  3.74     0     1
           7  1.25  2.85  3.58     0     1
           8  1.25  3.93  4.63     0     1
           9     5  17.2    19     0     1
          10     5  14.8  17.8     0     1
          11     5   8.6  15.1     0     1
          12     5  4.18  11.4     0     1
          13     5  8.25  12.5     0     1
          14     5  19.9  18.7     0     1
          15     5  12.9  19.7     0     1
          16     5  17.6    21     0     1
          17    10  6.56  20.1     0     1
          18    10  7.38  29.7     0     1
          19    10  23.1  38.7     0     1
          20    10  14.2  34.8     0     1
          21    10  32.6    42     0     1
          22    10  16.6  24.6     0     1
          23    10  23.4  28.4     0     1
          24    10  33.3  47.4     0     1
          25    15  28.9  61.8     0     1
          26    15  30.8  62.3     0     1
          27    15  23.1  27.3     0     1
          28    15    27  38.4     0     1
          29    15  14.9  34.4     0     1
          30    15  30.6  50.5     0     1
          31    15  28.4  59.9     0     1
          32    15  17.1  42.3     0     1
          33    20  47.5   107     0     1
          34    20  38.1  94.4     0     1
          35    20  26.7  51.7     0     1
          36    20  33.7  74.3     0     1
          37    20  56.8   115     0     1
          38    20  34.6  72.1     0     1
          39    20  28.5  60.8     0     1
          40    20  28.8  49.8     0     1
          41    30  44.5   192     0     1
          42    30  26.9  74.1     0     1
          43    30  49.4  94.8     0     1
          44    30  43.7   100     0     1
          45    30    21  66.5     0     1
          46    30  47.6   140     0     1
          47    30  45.9   168     0     1
          48    30  36.1   102     0     1
          49    40  49.1   111     0     1
          50    40  27.4   108     0     1
          51    40  64.4   165     0     1
          52    40    60   152     0     1
          53    40    52   165     0     1
          54    40  38.9   112     0     1
          55    40  59.5   133     0     1
          56    40  35.4   105     0     1
          57    60    50   141     0     1
          58    60  57.8   175     0     1
          59    60  77.2   266     0     1
          60    60  58.9   205     0     1
          61    60  57.5   284     0     1
          62    60    62   264     0     1
          63    60  48.3   147     0     1
          64    60  68.4   219     0     1
          65    80  60.2   230     0     1
          66    80  46.5   197     0     1
          67    80  68.4   379     0     1
          68    80  61.3   257     0     1
          69    80  61.5   371     0     1
          70    80    66   283     0     1
          71    80  54.9   202     0     1
          72    80  60.9   269     0     1
          73     0    12     0     0     1
          74     0 -4.43     0     0     1
          75     0 -2.43     0     0     1
          76     0 -3.28     0     0     1
          77     0  1.35     0     0     1
          78     0  0.42     0     0     1
          79     0  -1.7     0     0     1
          80     0    -1     0     0     1
