           1     1.962324469         4.697155192        0.1353669387         1.971931937     
           2     1.985987416         4.685684008        0.1158485810         1.906576455     
           3     2.495531742         4.922942380       -0.1491436926         1.872364335     
           4     1.298845491         4.507695882        4.1755724327E-002    1.916397102     
           5     2.365722878         4.811349393        4.9077827928E-002    1.681360513     
           6     2.063722970         4.704815738        5.2306391088E-002    1.768690449     
           7     1.981028087         4.656094362        2.6822012533E-002    1.705537190     
           8     1.762095224         4.604667684        5.0962684962E-002    1.721416835     
           9     2.775604844         4.885261457       -1.9548176693E-002    1.834409450     
          10     2.453285775         4.857841680        2.2035676891E-002    1.787715282     
          11     2.045904179         4.802775786        3.7409551835E-002    1.907104749     
          12     2.595008234         4.844281105       -7.1377074392E-003    1.824673729     
          13     2.254375707         4.751173125        9.6906982258E-002    1.842024428     
          14     2.938618233         4.920569080       -2.5273961570E-002    1.923522694     
          15     1.839103555         4.642405312        0.1715844482         1.668674790     
          16     2.889224441         4.909225371       -4.3080287184E-002    1.902680216     
          17     2.323285559         4.756629409        1.0105586103E-002    1.679594163     
          18     1.822498379         4.728768482        7.1422904065E-002    1.858570034     
          19     2.051326465         4.707587188       -1.1256725169E-003    1.827665867     
          20     2.097227511         4.806106008        2.0318984752E-002    1.749717805     
          21     2.948652201         4.848174149       -7.1567689959E-003    1.939975871     
          22     2.320689248         4.876435475       -5.1697401389E-002    1.772278888     
          23     2.703061723         4.914348782       -4.7260739350E-002    1.825024826     
          24     3.071344826         4.941365699       -3.7406571473E-002    1.806143648     
          25     1.737747358         4.649574661        1.6356688671E-002    1.772179325     
          26     1.727524967         4.632727126        9.1308862549E-002    1.827269092     
          27     1.506470674         4.596287090        9.8307407697E-002    1.828976008     
          28     1.779277172         4.588475167        6.1651230137E-003    1.871072119     
          29     1.940260642         4.711716011       -5.6487517471E-002    1.790380493     
          30     2.000130844         4.699285804       -0.1466807242         1.983265800     
          31     1.807999632         4.685993008       -0.1486028305         1.984113942     
          32     1.944878609         4.741706266       -2.5243458963E-002    1.946852093     
          33     2.893201261         4.889976077       -0.1155296596         1.763237544     
          34     3.262804111         4.867110107       -3.1613548450E-002    1.806924789     
          35     1.442573809         4.600884072        9.2987924553E-003    1.754730842     
          36     2.611734663         4.818688159       -3.8703736707E-002    1.839796911     
          37     2.104132893         4.770022636       -1.2365952080E-002    1.864964769     
          38     1.646837307         4.698928686        1.2848781633E-002    1.866330150     
          39     2.845021004         4.816989718       -0.1221232656         1.818819253     
          40     3.085033155         4.903059008       -0.1026601474         1.795371544     
          41     2.198660592         4.789177477       -2.0411897092E-002    1.716845977     
          42     2.129885339         4.809568886       -2.0702693607E-002    1.711727020     
          43     2.728563922         4.861275639       -5.8093121600E-003    1.858317237     
          44     2.106942006         4.710677159        9.7953429247E-002    1.851712659     
          45     2.493016306         4.836601545        8.1447935423E-003    1.783265610     
          46     2.112329867         4.785061515        7.9627948334E-003    1.763644864     
          47     2.574089424         4.830181363       -4.1696247087E-002    1.778653209     
          48     3.150555136         4.941101426       -0.1095000484         1.702801699     
          49     3.151765378         4.952361330       -0.1283627309         1.693592378     
          50     1.790076416         4.654932086        0.1089921427         1.892331627     
          51     1.990603854         4.763356875        6.8339175669E-002    1.642405660     
          52     1.772320788         4.632968084        0.1142691958         1.662226128     
          53     1.696369568         4.606252317       -5.2699275824E-002    1.876642558     
          54     1.611592955         4.598506455       -3.6988051012E-002    1.796689406     
          55     2.157450202         4.826931622        7.2454935411E-002    1.858922869     
          56     2.195086719         4.758939832        0.1056677025         1.938277589     
          57     2.939333226         4.949132243        2.9614500749E-002    1.953406514     
          58     1.625434590         4.648302143        6.4276467170E-002    1.743912584     
          59     1.644637029         4.660928485        4.8809817380E-002    1.750060247     
          60     2.306711383         4.740921992        4.9024535548E-004    1.745353682     
          61     2.170049931         4.816646109        4.1287737138E-002    1.737347663     
          62     2.633434752         4.897500974        7.8119280398E-003    1.721920291     
          63     2.549305963         4.865319971        1.3444075492E-002    1.732583680     
          64     2.552371965         4.907616864       -6.6458840882E-002    1.773601458     
          65     1.421184698         4.504802658        7.3748493253E-002    1.820076762     
          66     1.309910793         4.487400865        7.6745948733E-002    1.818887422     
          67     1.622662458         4.673853584        0.1323058160         1.739739617     
          68     1.628287632         4.562503643        0.1212319138         1.792339464     
          69     1.361272206         4.494937241        0.1601646862         1.764948086     
          70     1.335389201         4.496599032        0.1324978325         1.732924547     
          71     1.424229001         4.533373922        0.1365562680         1.755426489     
          72     1.424229001         4.533373922        0.1365562680         1.755426489     
          73     1.623311836         4.615741001        1.7201859171E-002    1.796376776     
          74     2.276977907         4.800082100        4.8472228131E-002    1.755274057     
          75     1.505351084         4.593959784        0.1445520325         1.832302398     
          76     2.227415729         4.735184014        6.5318256357E-002    1.823013207     
          77     2.622589583         4.803826155        7.5028536183E-002    1.719208774     
          78     3.246536083         4.894472114        2.8766752627E-002    1.811916003     
          79     2.048746274         4.747752591       -7.5669740432E-002    1.699440590     
          80     1.898365265         4.696743495        0.1071491033         1.928572919     
          81     2.145928581         4.765303454       -5.8105249407E-002    1.727047676     
          82     1.830897079         4.645183612        1.8624984128E-002    1.847619064     
          83     1.487641636         4.578893585        1.5054459911E-002    1.752832405     
          84     1.650670161         4.550913999        3.1259242205E-002    1.876354811     
          85     1.763261338         4.609642294        4.7527118271E-002    1.858318215     
          86     1.952852949         4.708165365        4.2515429757E-002    1.691207774     
          87     2.183700160         4.738796204        3.7763629934E-002    1.693794201     
          88     1.683669067         4.687851009        4.4127425625E-002    2.001040465     
          89     1.264577014         4.491769683        0.1306749280         1.739247969     
          90     2.074768266         4.708955610        3.6159341048E-002    1.727308721     
          91     1.445582095         4.570270528        0.2082526086         1.849876450     
          92     1.903398150         4.694324352        8.3664463749E-002    1.724551994     
          93     1.579049694         4.554316130        1.9742666223E-002    1.903027401     
          94     1.557437454         4.589261909        5.0863745394E-002    1.684834954     
          95     2.275300403         4.799870231       -7.2227354860E-003    1.785971189     
          96     1.874577883         4.744018438        2.6971084849E-002    1.712437399     
          97     3.133647841         4.955302624       -6.6685246488E-002    1.800172015     
          98     2.949041400         4.901884843       -2.2734450488E-002    1.790368890     
          99     2.567749010         4.816888383        1.2700897263E-002    1.815362512     
         100     1.820240118         4.622502580        3.6794077167E-003    1.779456932     
         101     1.410321361         4.552724403        6.4153716882E-002    1.861262236     
         102     1.769940800         4.589959871        5.1917414987E-002    1.878867304     
         103     2.149342492         4.689440491       -3.0503223219E-002    1.779609136     
         104     1.753593731         4.680598311       -5.2339200217E-002    1.768051851     
         105     1.376681565         4.451426615        0.1196478731         1.836651067     
         106     1.637307652         4.561103323        4.6063963803E-002    1.900004446     
         107     2.180547767         4.771877034        1.5386852106E-002    1.897473756     
         108     1.374979891         4.548831400        8.9525130872E-002    1.861111108     
         109     1.374979891         4.548831400        8.9525130872E-002    1.861111108     
         110     2.272847512         4.811024092       -2.8378846113E-002    1.682152803     
         111     2.088711237         4.744216964        3.0092072750E-002    1.732940260     
         112     1.521449322         4.533521391        0.1084849247         1.906721136     
         113     2.224233328         4.802183208        5.9345630628E-002    1.686237483     
         114     1.860841688         4.731498541        0.1010472517         1.995727158     
         115     2.584780468         4.895771346        6.6580002166E-002    1.865687633     
         116     1.670979400         4.588052572        0.2406516973         1.954037290     
         117     2.321415402         4.790962033        0.1769703678         1.836221649     
         118     1.889183845         4.744153803        5.5795898257E-002    1.824373863     
         119     3.018281040         4.868720484       -9.1736036876E-002    1.729069390     
         120     3.888908879         4.959751838       -3.6131905686E-002    1.772860822     
         121     3.234519914         4.884842278       -6.0291542192E-002    1.821073519     
         122     3.122918786         4.903525439       -2.2667108536E-002    1.738562573     
         123     1.876699527         4.724644999        4.6714525342E-002    1.716356898     
         124     2.621077848         4.851390794        9.5346518310E-002    1.846419644     
         125     2.583362236         4.819354839        0.1069255158         1.797325316     
         126     2.718422588         4.822239133       -7.0526781694E-002    1.769853629     
         127     3.145061224         4.838966409       -8.3895214159E-002    1.795850990     
         128     2.376835841         4.822055676       -5.5656462514E-002    1.816180974     
         129     2.050286234         4.755303590       -2.4855499917E-002    1.798308058     
         130     2.480481424         4.848208410       -1.9266407228E-002    1.850907687     
         131     2.042413980         4.750770322        1.7542077805E-002    1.845455039     
         132     1.535271572         4.526133314        7.5973417961E-002    1.838801550     
         133     2.344199882         4.781096903       -3.7102409451E-002    1.755417878     
         134     3.152886035         4.851145809       -4.8882991274E-003    1.869603046     
         135     3.814739431         4.974003101       -3.9376042360E-002    1.828165328     
         136     4.697777924         5.112170817       -8.4849368073E-002    1.818333056     
         137     3.779129345         4.954783364       -2.5789081284E-002    1.852990240     
         138     3.306700135         4.889512734       -9.1086552299E-003    1.820962538     
         139     1.403889708         4.631220573        4.8491618062E-002    1.809900086     
         140     3.184445956         4.867671351        1.6034062754E-002    1.822410807     
         141     2.031294007         4.771892529       -7.6402455956E-002    1.773717349     
         142     1.920885938         4.746480606       -6.6568785359E-002    1.778785802     
         143     2.433697355         4.743058572       -1.2063422760E-002    1.731697996     
         144     1.848491139         4.682956224       -4.2382709181E-002    1.674660257     
         145     2.342757435         4.747485918       -8.3544405322E-002    1.732736090     
         146     2.566024602         4.846266829       -9.8531577033E-002    1.982484515     
         147     1.861694843         4.751478531        0.1054786918         1.670433239     
         148     1.393306180         4.584888852        7.6155775989E-002    1.677548475     
         149     2.282625645         4.705488851        1.7685710123E-002    1.753879845     
         150     2.485742387         4.928648448       -8.7924267186E-002    1.823316057     
         151     2.368738287         4.903376736       -6.9790966221E-002    1.730021494     
         152     2.726489689         4.905466326       -6.4981100673E-002    1.705238668     
         153     1.344118567         4.569132504        0.1641576938         1.822659406     
         154     1.860550289         4.656379939        0.1212809755         1.822667794     
         155     2.309254765         4.777919551        0.1268742258         1.835909587     
         156     2.837137258         4.890601549       -1.5371850992E-002    1.848280226     
         157     2.967671725         4.872958099       -1.8369850939E-002    1.845387099     
         158     2.543550946         4.834269424       -7.9945479996E-002    1.878093002     
         159     2.511344479         4.769622441        2.0287871321E-002    1.722015455     
         160     2.903594371         4.910142867       -7.2092838480E-003    1.759078557     
         161     2.458213403         4.786536229       -5.6438651927E-002    1.796657283     
         162     2.071137416         4.793889948       -6.0797044687E-002    1.887167731     
         163     2.279400903         4.748247420       -4.7585925265E-002    1.804154900     
         164     1.784930681         4.590167022        7.8326487818E-002    1.792186514     
         165     1.977120094         4.651467324        4.9459789831E-002    1.777125023     
         166     2.429080152         4.754726513        4.7209813079E-003    1.818646562     
         167     1.553047498         4.585132873        7.5466414211E-002    1.821915628     
         168     2.078583442         4.707814695       -6.2177606056E-003    1.863624960     
         169     1.846032827         4.696911800       -8.6202888735E-003    1.846817459     
         170     1.960104552         4.719545078       -4.2305352786E-002    1.745487349     
         171     1.303997546         4.494576850        0.1105273943         2.020237991     
         172     2.434591764         4.878963405       -5.8758428267E-002    1.748074852     
         173     1.747832365         4.601638010        3.8180759436E-002    1.782400013     
         174     2.302098138         4.862551599       -3.2517486773E-002    1.923086036     
         175     2.061436163         4.742827216        0.1161168084         1.829207532     
         176     1.265495859         4.443822844        6.7755498176E-002    1.981922353     
         177     3.036751371         4.950345509        9.0638614285E-003    1.645662234     
         178     1.671912267         4.644609371        0.1672183392         1.717647360     
         179     1.987260509         4.742672418        0.1141742983         1.743143147     
         180     2.142097983         4.792226273        9.9713357690E-002    1.827207906     
         181     2.529460542         4.860597561        3.7870339376E-002    1.746040007     
         182     2.543296778         4.839385338       -7.1345433748E-002    1.735531344     
         183     1.992680815         4.728806969        4.5041559051E-002    1.791431389     
         184     2.038072637         4.752252399        2.9067213239E-002    1.798071050     
         185     1.296733940         4.482523450        7.0683059619E-002    1.697366276     
         186     1.296733940         4.482523450        7.0683059619E-002    1.697366276     
         187     1.296733940         4.482523450        7.0683059619E-002    1.697366276     
         188     1.320271146         4.445018530        6.1186322722E-002    1.769433258     
         189     1.338449476         4.453675071        5.8544262424E-002    1.776942850     
         190     1.791642324         4.666988345        8.4390465079E-002    1.707720809     
         191     1.525599181         4.610600654        0.1199843436         1.723253315     
         192     1.981950238         4.670620721        0.1226948264         1.703421066     
         193     2.065941014         4.806163718        4.0834012613E-002    1.861592553     
         194     1.488091546         4.564203230       -4.4267709757E-002    1.838632553     
         195     1.469387203         4.473714363        3.4311760859E-002    1.894107894     
         196     1.159032767         4.409587788        4.0856789995E-002    1.828969957     
         197     1.055822358         4.345101002        6.3094130845E-002    1.817717226     
         198     1.166010826         4.420239688        6.5641791606E-002    1.824689320     
         199     1.792862277         4.648949313       -4.8277094841E-003    1.827549564     
         200     1.572727856         4.618847134        1.7288764115E-003    1.804442333     
         201     1.755703196         4.571938188       -9.6838693886E-003    1.691652106     
         202     2.212647559         4.724578240       -6.5067908124E-003    1.934554627     
         203     3.552661581         4.929145734       -5.8538149325E-002    1.580073197     
         204     3.405054396         4.888326551       -2.7750017753E-002    1.634991141     
         205     3.569427092         4.867320728       -8.6178281543E-002    1.893551086     
         206     3.545913750         4.869811345       -6.1169456061E-002    1.893785320     
         207     2.476077758         4.818477044       -2.5502236668E-002    1.695862483     
         208     1.725958361         4.642092549        7.5502697306E-002    1.780971687     
         209     1.885598940         4.665186386       -3.4401358082E-002    1.816471504     
         210     1.766741315         4.649265945       -3.5013796454E-002    1.816578162     
         211     1.564138456         4.556280252        4.3470033892E-002    1.893748511     
         212     1.682296901         4.596193713        2.5608031139E-003    1.942196871     
         213     1.562368783         4.551182996       -8.7997421215E-003    1.845782218     
         214     1.440368700         4.537052542        0.1277385405         1.776785565     
         215     2.325878191         4.790538846        4.6636080783E-003    1.812152660     
         216     2.181690469         4.775231043        1.1583467503E-002    1.686536660     
         217     2.284828797         4.803757198       -1.1181253071E-003    1.682322782     
         218     3.325661722         4.908732500       -3.8170187764E-002    1.663483381     
         219     2.649468938         4.811026070       -9.5738570512E-003    1.867899201     
         220     1.815326048         4.636948618        8.0395131989E-002    1.821483078     
         221     3.093344915         4.902214843       -0.1167315802         1.672403145     
         222     2.753346487         4.816139880        1.8585751196E-002    1.783169598     
         223     2.311960151         4.788316445        1.6513059851E-002    1.789509616     
         224     2.199251524         4.732506783       -4.6106132598E-002    1.847660577     
         225     2.188472154         4.706209855        7.1605225817E-002    1.835294920     
         226     1.423433436         4.552851882        0.1238636161         1.822306542     
         227     1.643028854         4.614470520        5.6526019204E-002    1.819274013     
         228     1.556691384         4.555887741        3.8455765154E-002    1.915156434     
         229     2.567237940         4.856405126       -8.8813143240E-002    1.709015740     
         230     1.562209067         4.575453919        0.1796364455         1.778032070     
         231     1.389232753         4.521311423        7.6963620251E-002    1.836126321     
         232     1.786761104         4.655762790       -4.5964141190E-002    1.808159153     
         233     1.289447948         4.496151558        0.1507860270         1.747950046     
         234     2.217529829         4.759319075       -5.1375084262E-002    1.733038619     
         235     1.814461856         4.724516628       -3.6976843384E-002    1.728667891     
         236     2.543946956         4.824919053       -6.2021538082E-002    1.801141161     
         237     2.044783499         4.787661971       -4.9048620280E-002    1.788622062     
         238     1.870591664         4.735826132       -3.1542201533E-002    1.811401931     
         239     2.867176714         4.862785513       -6.2471749810E-002    1.735890614     
         240     2.245938418         4.776702994       -1.4689067021E-002    1.740146075     
         241     1.578770477         4.586228177        4.3322575529E-002    1.876097170     
         242     2.178197566         4.742063780       -7.0694863020E-002    1.724902181     
         243     1.535336058         4.646316901       -3.1772836327E-002    1.733853253     
         244     3.616316368         4.946422728        5.5300925646E-002    1.850690004     
         245     3.324736428         4.881709871       -1.7206755203E-002    1.926136943     
         246     3.380841816         4.872470387       -7.5627041902E-002    1.626774772     
         247     3.104780971         4.828254879       -5.2477394450E-002    1.587895469     
         248     3.346411102         4.921467998       -8.3821021257E-002    1.749242296     
         249     2.115902678         4.771009347        5.9822219360E-002    1.846857253     
         250     2.386395210         4.818843744        1.6431154770E-002    1.726430664     
         251     1.987623035         4.717723957        2.9299774727E-002    1.750762476     
         252     1.702267858         4.676926226        4.6072275847E-002    1.731330603     
         253     1.921053769         4.693534896        5.6973357917E-002    1.742035579     
         254     2.933762294         4.855985701       -4.0494687041E-002    1.760842082     
         255     2.164713941         4.731751001        6.0332305509E-004    1.857747809     
         256     1.977041609         4.735083813       -4.8083851151E-002    1.802150417     
         257     1.595695651         4.626939388        9.8207379986E-002    1.837486801     
         258     1.389411100         4.469325408        9.0285757277E-002    1.878394526     
         259     1.557220735         4.546059803        4.8064855019E-002    1.720240111     
         260     1.458247871         4.473633859        6.4267693739E-002    1.751896349     
         261     1.456139612         4.551566509        9.4706354542E-002    1.770240059     
         262     2.037257242         4.755514811        9.2947975451E-003    1.859398428     
         263     2.672256844         4.910819864       -4.5771930056E-002    1.820616671     
         264     1.398143860         4.513764499        0.1131020249         1.628005002     
         265     1.339738829         4.523309710        0.1568415737         1.708844073     
         266     2.204109054         4.765762931        1.6316926391E-002    1.763248730     
         267     1.999147065         4.752954780        2.5553294805E-002    1.744059183     
         268     1.525270856         4.580251973        0.1655249727         1.786894868     
         269     1.451480263         4.502543068        8.3979902267E-002    1.798168150     
         270     2.107258419         4.755721637        1.8409862373E-003    1.773612306     
         271     2.211837351         4.721013377       -2.2715381494E-002    1.700252364     
         272     2.109791875         4.777529991       -3.4161726169E-002    1.877316924     
         273     2.080713223         4.731775325       -3.1671383919E-002    1.760556309     
         274     2.784229853         4.895970715       -6.1254648451E-002    1.850755946     
         275     1.639923062         4.624890934        0.1482704339         1.744129225     
         276     1.853633414         4.700804753        2.0216879087E-002    1.656501998     
         277     1.997667555         4.748719255       -3.4142440191E-003    1.642537491     
         278     1.328945754         4.530533176        0.1246938834         1.617413522     
         279     2.564199528         4.860171387        1.8886523643E-002    1.921020694     
         280     1.846145259         4.697944406        0.1079813926         1.981905425     
         281     1.481317055         4.485293273        0.1568392417         1.620994860     
         282     1.542015864         4.511465549        0.1204977992         1.564418627     
         283     1.384351560         4.483054345        0.1337735318         1.592343000     
         284     1.143552333         4.423397779        0.1507282377         1.630530728     
         285     1.143552333         4.423397779        0.1507282377         1.630530728     
         286     1.277578622         4.464308196        0.1812945717         1.649721266     
         287     2.632433197         4.915157047       -2.1489654055E-002    1.956637161     
         288     1.735232975         4.689122355        0.1350098057         1.891248451     
         289     1.820180941         4.635535465       -3.8468244783E-002    1.729836578     
         290     1.723927278         4.712288436        7.6778738585E-002    1.874464175     
         291     2.910016670         4.925561282        4.3939375556E-002    1.945683220     
         292     1.929722830         4.744977882        0.1205418563         1.870064819     
         293     2.952780046         4.924861676        3.9507964012E-002    1.807201054     
         294     2.761703399         4.860941782        1.8320509423E-002    2.009687905     
         295     2.987841487         4.903166129        1.5916095544E-002    1.958591381     
         296     2.701922618         4.832358393        5.2226391850E-003    2.026603257     
         297     2.122122067         4.741143616        1.5270326708E-002    1.826209648     
         298     1.565238384         4.521952102        0.1285000406         1.955787680     
         299     1.250052989         4.499986275        0.1418279732         1.937637801     
         300     1.751567533         4.563401027       -6.4900378901E-002    1.741396597     
         301     1.341917720         4.489555609       -3.0149554600E-002    1.744089226     
         302    0.9500188136         4.331206297        0.1929778043         1.861675183     
         303     1.293727123         4.419309429        0.1700687332         1.867269469     
         304     1.452306411         4.501223273        9.4658380298E-002    1.884977027     
         305     2.721959066         4.856244890       -3.2239708171E-002    1.679126769     
         306     2.363912042         4.739941757       -3.0408100402E-003    1.737656518     
         307     2.176918928         4.711563562       -1.3357546828E-002    1.907959533     
         308     2.177383451         4.778713749       -1.4397403000E-002    1.760594029     
         309     2.152838205         4.734536235        8.4071498976E-002    1.751616754     
         310     2.209548232         4.789544418       -4.0312062140E-002    1.653695522     
         311     1.539858146         4.643280734        0.1231801254         1.935721234     
         312     2.127974437         4.694186460       -8.3676890289E-002    1.645351283     
         313     1.304787341         4.523765321       -4.5970828304E-003    1.801491406     
         314     2.489991709         4.829268613       -0.1760650844         1.751143991     
         315     2.002897371         4.657421462        4.5507339315E-002    1.823850057     
         316     1.183956383         4.494821732        0.1259667544         1.783966284     
         317     2.289354142         4.863129725        8.8202113808E-003    1.687207783     
         318     2.051303407         4.693160492        0.1347655491         1.788079360     
         319     2.775612627         4.943106313       -3.2425103653E-002    1.909097061     
         320     1.289582722         4.453782137        0.2805742579         1.786630793     
         321     1.791836430         4.637741261        0.1151422396         1.716681053     
         322     1.371574832         4.548078580        0.1418121078         1.797554655     
         323     1.512900562         4.566742754        0.1387461803         1.801440972     
         324     2.663520755         4.858308796       -1.6862866616E-002    1.784867931     
         325     2.128370070         4.736383399       -2.1032469189E-002    1.840437325     
         326     2.258690244         4.865961962       -9.3701730272E-002    1.833720814     
         327     2.254772740         4.810506419       -6.5452651053E-002    1.876250810     
         328     2.389512281         4.815313035        1.7625740367E-002    1.699128779     
         329     3.320806295         4.953898942       -1.3067128870E-002    1.670752044     
         330     3.344582959         4.903001377        3.1421472798E-002    1.718722986     
         331     3.262542342         4.893837114       -6.3133611395E-002    1.928036724     
         332     2.917420125         4.825450745       -7.3469477749E-002    1.658780611     
         333     2.631673527         4.863789227       -6.1524305150E-002    1.939159829     
         334     2.084641609         4.808635532       -5.6852579994E-002    1.879352135     
         335     2.077542684         4.823093912       -7.4288178807E-002    1.883231139     
         336     2.843622175         4.851862259       -7.2171169998E-002    1.834447665     
         337     2.561502180         4.841529438       -9.2534360426E-002    1.810687811     
         338     2.017789317         4.692023992        2.8945844957E-002    1.868940916     
         339     1.692179909         4.659095068       -1.7342486677E-002    1.733684875     
         340     2.197741856         4.698837903       -3.5511286757E-002    1.738872904     
         341     1.949299932         4.668559403       -4.3805248977E-003    1.865899485     
         342     1.483506650         4.515391776        0.1475205379         1.792367405     
         343     1.032498839         4.385573808        0.2019018555         1.787027019     
         344     1.314965066         4.516753212        0.1614571718         1.733267522     
         345     1.320422446         4.482688956        0.1473609387         1.725580621     
         346     1.910453145         4.684558905        4.9913738006E-002    1.813664877     
         347     2.205344741         4.806399672       -2.3367885745E-002    1.774380593     
         348     2.689834376         4.798665826       -3.4657242793E-002    1.814183905     
         349     2.515162942         4.793333156       -5.8902163759E-002    1.814588723     
         350     3.022916148         4.870205344       -6.8427998889E-002    1.824465996     
         351     3.558180495         4.918647530       -5.8530388920E-002    1.824082736     
         352     3.109666455         4.872344572       -4.3002238318E-002    1.743169323     
         353     3.375748023         4.921896564       -3.3095752553E-002    1.726824744     
         354     3.225159808         4.886539630       -3.1753899082E-002    1.742724252     
         355     2.469259811         4.748303576        3.2066289268E-002    1.739784849     
         356     4.109976083         5.004085227       -0.1099112427         1.711045326     
         357     3.244086180         4.819712188       -1.0920615503E-002    1.624867612     
         358     3.820302248         4.829972205        6.9361272723E-002    1.852176635     
         359     4.088488766         4.923207332        6.5332954456E-003    1.936102775     
         360     4.532285876         5.001575618       -2.4133806709E-002    1.916945053     
         361     4.120301054         4.920933718       -3.0884767559E-002    1.821861984     
         362     2.827251011         4.862401725       -7.8175513083E-002    1.746078240     
         363     1.590267591         4.629712981       -1.2892491898E-002    1.770808418     
         364     1.919819707         4.705129560        0.1260014000         1.775340137     
         365     2.865359372         4.916357308       -0.1308987985         1.830616178     
         366     2.445447117         4.864036060       -3.9059333335E-002    1.778257439     
         367     1.655800220         4.587064990        0.1765011864         1.791825199     
         368     1.687632473         4.583921209        0.1885170301         1.773506878     
         369     2.485461476         4.798171955       -1.3518723423E-002    1.657550078     
         370     2.624399717         4.791210051        8.2114373507E-003    1.653422226     
         371     2.166580258         4.750954880        7.0064827792E-002    1.820303563     
         372     1.856800726         4.715794958        1.2636060996E-002    1.791831802     
         373     2.935023532         4.900533217       -4.7104957974E-002    2.006853450     
         374     2.749239814         4.844371161        2.5207450237E-002    1.723506827     
         375     2.810930692         4.881636896        1.9653834948E-003    1.702276858     
         376     1.155846734         4.461811325        0.1113734862         1.945079210     
         377     1.576559700         4.540301209        8.5650873434E-002    1.938146297     
         378     1.751981289         4.645999651       -4.3473221617E-002    1.699041432     
         379     1.798271100         4.696737026        0.1400638874         1.840780074     
         380     1.644401543         4.611282290        5.3674368908E-003    1.727556726     
         381     1.802413224         4.694640839        0.1122922075         1.844285244     
         382     2.262201826         4.787316432        1.9757490861E-002    1.746586468     
         383     1.602027196         4.577247530        7.7121190500E-002    1.781656182     
         384     1.997838134         4.696153339       -1.7220148094E-002    1.786731137     
         385     2.231952183         4.728789840       -4.6281349612E-002    1.729688029     
         386     2.307992488         4.827793958        1.4709762469E-002    1.833166424     
         387     1.469693080         4.483207630        9.1951215701E-002    1.858340029     
         388     1.837207354         4.591381800       -4.6502044129E-002    1.799903893     
         389     1.341118640         4.506538380        5.4558553656E-002    1.874075355     
         390     1.599652919         4.582624156       -6.5532059937E-003    1.745515935     
         391     1.804097104         4.691453836        0.1027806799         1.655407936     
         392     1.400062003         4.548976076        0.1616681827         1.759586789     
         393     2.763183352         4.944306626       -6.5673887752E-002    1.872467370     
         394     1.908985363         4.708330386       -4.4908777823E-002    1.785374192     
         395     1.818379458         4.700886880        7.5343327890E-002    1.847689483     
         396     2.715212876         4.890809798       -4.6375850851E-002    1.704630309     
         397     2.949798281         4.931247581       -5.6968909526E-002    1.692439481     
         398     1.635844085         4.582745284        0.1521493908         1.901234262     
         399     1.133670817         4.426784899        0.1989830280         1.892669029     
         400     1.750536995         4.681702245        4.2622298187E-002    1.682174748     
         401     2.986483489         4.927008987       -4.0188483796E-002    1.653033186     
         402     3.294534353         4.987574774       -6.8538004699E-002    1.644563943     
         403     2.218551239         4.693592320        2.9700352255E-002    1.722134083     
         404     2.254233697         4.869192947       -3.8794450923E-002    1.835599831     
         405     2.855826851         4.790953654       -1.6478768412E-002    1.887614563     
         406     1.984987084         4.756266909       -6.4830545907E-002    1.801344936     
         407     2.355165992         4.788323278       -5.6166530616E-002    1.754187267     
         408     2.763203962         4.859226010       -8.2329165790E-002    1.713375305     
         409     2.975792942         4.907493627       -0.1099411031         1.712902551     
         410     1.958382221         4.658061891        0.1267008087         1.939261392     
         411     1.907174153         4.764118652       -5.1437607506E-004    1.865646418     
         412     1.502866569         4.433570324        7.8929918374E-002    1.817976698     
         413     1.299583345         4.397352827        0.1119043040         1.832067882     
         414     1.403952744         4.485058044        2.5982563860E-002    1.732087988     
         415     1.399844222         4.485663384        7.3494173109E-002    1.809435518     
         416     1.654859601         4.526977050        5.6187733451E-002    1.797246476     
         417     1.795922836         4.658660283        0.1671611392         1.772975461     
         418     1.498380943         4.499284727        7.0284695447E-002    1.774133901     
         419     1.210176856         4.474561595        6.7389199628E-002    1.922974881     
         420     1.224884390         4.405588942        0.1062196444         1.740269899     
         421     1.298906073         4.415576230        7.9251569005E-002    1.727187340     
         422     1.298906073         4.415576230        7.9251569005E-002    1.727187340     
         423     2.085263510         4.756761229        4.4041366435E-002    1.831308733     
         424     2.479678202         4.818879318        6.4710638951E-002    1.859025251     
         425     1.709968402         4.571572417        1.5490872278E-002    1.831402472     
         426     2.259410924         4.758867895        5.3714018498E-002    1.728558647     
         427     2.216472100         4.758153205        2.0800303285E-002    1.718045855     
         428     1.499753913         4.540873692        0.1000277398         1.744019040     
         429     1.499753913         4.540873692        0.1000277398         1.744019040     
         430     1.760627618         4.630064662        3.4341893163E-002    1.793678603     
         431     1.577960860         4.594192032        0.1038799644         1.725876140     
         432     1.595147485         4.576088081        7.2395876272E-002    1.772983268     
         433     2.134517545         4.774554760        4.0604141926E-002    1.820080083     
         434     2.656109588         4.810342841        3.3006654612E-002    1.806342113     
         435     2.536788622         4.908743765       -3.8089001928E-002    1.847861862     
         436     2.464289959         4.808674287       -2.6621052653E-002    1.951147252     
         437     1.428252741         4.559559485        5.8532500154E-002    1.663757217     
         438     2.262507267         4.827031792       -1.0067859528E-002    1.851433770     
         439     2.107024482         4.750868720        8.1849433734E-002    1.811239980     
         440     1.868636207         4.708212939       -6.0040308372E-002    1.827158780     
         441     1.697510550         4.689726764        0.1549095318         1.783907385     
         442     1.667953649         4.693898294        0.1336348286         1.800225291     
         443     2.068737593         4.716066356        0.1613773291         1.823360384     
         444     2.736376757         4.930282704       -2.3889436440E-003    1.809100994     
         445     2.168396839         4.831309364        3.8509790233E-002    1.850548903     
         446     2.227195501         4.765030799       -2.6845733437E-002    1.695574930     
         447     1.783437163         4.630984814        5.2340396187E-002    1.905962845     
         448     1.721247410         4.645756425        4.3565531663E-002    1.852119343     
         449     2.087880778         4.744930029        2.3560112105E-002    1.766773636     
         450     2.389284435         4.800255504       -4.5041872657E-002    1.764795603     
         451     3.897523542         4.961028112       -5.2640755240E-002    1.734072376     
         452     3.818994569         4.912900989       -1.0143329275E-002    1.760268326     
         453     3.656832292         4.913026218       -0.1202520337         1.780848197     
         454     3.647706670         4.900171327       -0.1375599578         1.789510821     
         455     3.994389838         4.895296014       -5.4370476912E-002    1.788182127     
         456     3.741181919         4.992366832       -5.9727223097E-002    1.779387705     
         457     3.199044329         4.848398668        3.4839482145E-002    1.813168306     
         458     3.117926153         4.933367767       -3.7977628128E-002    1.830114775     
         459     2.145397254         4.697478397        2.8143032900E-002    1.826601141     
         460     2.527981391         4.799140038       -2.3496654044E-002    1.681465046     
         461     2.711738353         4.797547547       -7.4309222204E-003    1.729104637     
         462     3.497977103         4.944718332       -9.1001228061E-002    1.814171398     
         463     1.712718070         4.718077310        1.9477389734E-002    1.858597001     
         464     2.873811592         4.865641180       -8.3281376185E-002    1.951979944     
         465     2.797072677         4.858260938       -8.1467845026E-002    1.950719757     
         466     2.140832378         4.764647983       -4.6547022337E-002    1.896653464     
         467     1.969628690         4.703615502       -3.2807595208E-002    1.756684428     
         468     1.743035542         4.677059552        0.1270819679         1.851397652     
         469     2.587604158         4.887990171        1.5454114350E-003    1.776076641     
         470     2.446745964         4.878708548        2.5603506453E-002    1.798745665     
         471     2.209261247         4.764410885        5.8768336643E-002    1.836047055     
         472     2.393550179         4.783758093       -5.0460389320E-002    1.801862516     
         473     1.930030223         4.649408835       -1.5317763455E-003    1.774242207     
         474     3.217356977         4.881548466       -7.5831359505E-002    1.825800244     
         475     3.436891601         4.904333390       -9.8194449019E-002    1.810575610     
         476     3.427942505         4.906646411       -7.0495765529E-002    1.768069518     
         477     1.784206743         4.703507457        2.5054269669E-002    1.699753684     
         478     1.835701146         4.730869390        4.1950856784E-002    1.898739510     
         479     1.963560925         4.749678552       -3.1742306303E-002    1.803424114     
         480     3.208464533         4.867387397        2.4304423353E-003    1.850553863     
         481     2.723282199         4.815937082       -8.4630092735E-002    1.707846633     
         482     3.008932824         4.875571421       -0.1118278124         1.692470842     
         483     1.459893056         4.604496215       -1.3994998907E-003    1.762036533     
         484     1.568216235         4.623556675       -9.1210689634E-003    1.769070304     
         485     2.164886572         4.693718749       -1.8963631759E-002    1.742807343     
         486     3.134057695         4.857445737       -0.1541884342         1.728404620     
         487     3.171688368         4.775209427       -0.1438805711         1.802941330     
         488     2.695974561         4.907563842       -0.1248441426         1.814840826     
         489     1.754765795         4.656126520        5.4448285412E-002    1.795803597     
         490     1.777097830         4.647825211       -2.5528063863E-002    1.817213269     
         491     1.178326918         4.468493903        0.2165124959         1.826726431     
         492     2.662488792         4.865305455       -7.1017807681E-002    1.637775806     
         493     1.924347791         4.683245434        6.7903649341E-002    1.742152764     
         494     1.499342512         4.547645976        5.2691056159E-002    1.871496892     
         495     1.870727577         4.669221691       -4.2312385309E-002    1.816769079     
         496    0.9984475108         4.296952459        0.1316861752         1.715460844     
         497    0.9694031526         4.320614545        0.1510438757         1.717895582     
         498     1.701883235         4.603756608       -6.1953688846E-002    1.908430547     
         499     1.683081317         4.587875193       -9.1796487794E-002    1.617221542     
         500     1.402758757         4.527695874       -5.3198269380E-002    1.786337733     
