           1     1.363775060         4.557104492        0.1135928906         1.779637610     
           2     1.718030969         4.585502658        9.0822458208E-002    1.747818398     
           3     1.866065700         4.595757262        8.7354673792E-002    1.751964684     
           4     1.749328743         4.580408408        9.1729533489E-002    1.738006040     
           5     1.994835140         4.693457057        5.5395170056E-002    1.786591228     
           6     1.794284175         4.699431620        7.0126368049E-002    1.650721348     
           7     2.081237755         4.792532678        1.3832210839E-002    1.891402374     
           8     2.017278748         4.690772393       -1.5877333107E-002    1.762736877     
           9     2.096910407         4.740958676        1.1338530799E-002    1.873793281     
          10     2.696581269         4.836580022       -1.6516023833E-002    1.738791327     
          11     2.408822624         4.858991174        2.2316793347E-002    1.757797439     
          12     1.722851044         4.616343137        0.1008773273         1.842461273     
          13     1.853769463         4.629350857        9.5532528476E-002    1.851996693     
          14     1.962215857         4.753801858       -5.4867966700E-002    1.870855684     
          15     3.200680846         4.924175898       -0.1001021293         1.766045803     
          16     2.179117563         4.808672946       -1.5491752627E-003    1.663326225     
          17     3.243032526         4.917576971        3.4614761801E-003    1.803411524     
          18     2.717033006         4.896708630        5.7782617420E-002    1.797317964     
          19     1.635328346         4.529236258       -1.8201547741E-002    1.807330687     
          20     2.149066930         4.811344814        7.3246368701E-002    1.797118606     
          21     3.017740685         4.875356267       -9.0493504994E-004    1.821408905     
          22     2.703595564         4.843785752        2.0090266083E-002    1.818125087     
          23     2.124242368         4.792710108       -4.5380243345E-002    1.715247740     
          24     2.696663707         4.842584028       -5.1676703146E-002    1.757533395     
          25     3.029692614         4.860099481       -2.9133091828E-002    1.851702006     
          26     1.895690932         4.734240206       -4.8634394069E-002    1.660658550     
          27     2.246193859         4.714708649       -9.6112006521E-003    1.684840070     
          28     3.268599552         4.943275761       -3.7849474724E-002    1.847110643     
          29     3.099523991         4.910706618       -2.1464809380E-002    1.844960558     
          30     3.574817956         4.995942730       -4.2156910120E-002    1.842008069     
          31     2.828474148         4.836540337       -1.2915181995E-002    1.811919977     
          32     2.874847136         4.856963991       -7.1836657701E-002    1.885557992     
          33     2.148614470         4.781019145       -2.7199524810E-002    1.805431824     
          34     3.021945379         4.927395194       -9.1987826752E-002    1.845797137     
          35     1.201471483         4.446074697        0.1548045468         1.783212854     
          36     1.201471483         4.446074697        0.1548045468         1.783212854     
          37     1.201471483         4.446074697        0.1548045468         1.783212854     
          38     2.767653819         4.895648267       -2.1330340061E-002    1.894420266     
          39     3.557717728         4.880436043        2.3088097607E-002    1.747740010     
          40     4.342731566         5.049905299       -9.0630385045E-002    1.760112266     
          41     3.383556559         4.838321383       -1.8426016796E-002    1.740302883     
          42     3.661737462         4.992427754       -6.2914906783E-002    1.645068110     
          43     3.180214672         4.831925268       -2.4395098798E-002    1.720573081     
          44     4.426902645         5.023707333       -0.1007164800         1.722836658     
          45     3.150916433         4.841093532       -3.3192780815E-002    1.667862319     
          46     2.189685142         4.741966451        3.5162445803E-002    1.673933224     
          47     1.373253347         4.443689380        0.1295605503         1.990945448     
          48     1.298662852         4.444900562        6.8894609050E-002    1.817577415     
          49     1.206290375         4.393977400        9.6115416486E-002    1.868254539     
          50     1.051822910         4.345520563        0.1530503645         1.796472679     
          51     1.023709346         4.318169209        0.1909483411         1.801181986     
          52     1.109630940         4.359244755        0.1805071159         1.824103061     
          53     1.444660009         4.539329443        0.1520730204         1.740903616     
          54     1.270087839         4.441714713        0.1386906027         1.854588422     
          55     2.636807816         4.867105914       -3.6818838005E-002    1.734183707     
          56     2.150024162         4.734664709       -1.2269229420E-002    1.826473565     
          57     1.724484637         4.671852079        9.3143518094E-002    1.776663398     
          58     2.845001974         4.792189683       -5.1761598326E-002    1.950828350     
          59     3.368564628         4.941864411        1.6516030397E-002    1.643255299     
          60     3.656544163         4.993305020       -1.1541369343E-002    1.625814949     
          61     3.209240227         4.891307869        2.3201578794E-002    1.667825887     
          62     2.564332362         4.861094670       -9.2666126171E-002    1.738263938     
          63     1.572428536         4.533546151        3.3173732628E-002    1.767167552     
          64     1.783729849         4.621463761        0.1372811622         1.830249598     
          65     3.343656597         4.966641351       -8.9001252997E-002    1.666711865     
          66     3.366600638         4.939865453       -9.4481414138E-002    1.693149796     
          67     1.834410114         4.711235453        2.0518956668E-002    1.798063154     
          68     1.913471603         4.768575805        5.1261614872E-003    1.759663965     
          69     2.261346060         4.818017928       -4.3779763252E-002    1.736470035     
          70     2.190555576         4.777825013       -1.6685386599E-003    1.705501475     
          71     2.592288666         4.852641902       -5.8288374994E-002    1.782581797     
          72     1.194515592         4.438457215        7.7807402482E-002    1.765938358     
          73     1.394375388         4.482295250        3.8168796591E-002    1.800579323     
          74     1.294672398         4.465352598        9.8987133457E-002    1.718505455     
          75     2.158623464         4.758478056        2.2161657157E-002    1.857217704     
          76     1.106496596         4.399897194        0.1371881508         1.704521116     
          77     1.136959686         4.374344251        0.1341271567         1.708355588     
          78     1.136959686         4.374344251        0.1341271567         1.708355588     
          79     1.200610154         4.408551391        0.1312286683         1.704505835     
          80     1.005226047         4.354438386        0.1821153309         1.724260121     
          81     1.005226047         4.354438386        0.1821153309         1.724260121     
          82     1.005226047         4.354438386        0.1821153309         1.724260121     
          83     1.923734729         4.683395763        2.0861580966E-002    1.648788699     
          84     1.735476884         4.678186239        0.1072651106         1.890912551     
          85     2.117979078         4.777506697        3.1096870390E-002    1.760437146     
          86     1.539438753         4.569878818       -1.7366771327E-002    1.929138691     
          87     1.741609440         4.636131742       -2.4893823129E-002    1.964441377     
          88     1.540114400         4.583172774        2.1081302158E-002    1.995162998     
          89     1.589300314         4.599715024        0.1092533146         1.600583429     
          90     2.047979257         4.762800872       -5.8791813212E-003    1.894290389     
          91     1.716619739         4.648522742        4.3760189376E-002    1.887202763     
          92     1.625966623         4.607604123        6.4286937513E-002    1.905968584     
          93     1.413815769         4.542259261       -4.3660681276E-002    1.860644470     
          94     1.580035635         4.550783588        0.1028159556         1.723119304     
          95     1.828409163         4.642116380       -4.0301676438E-002    1.932006231     
          96     2.768038203         4.902014360       -2.3028838027E-002    1.739533061     
          97     1.223641046         4.383108735        0.1204452391         1.808496793     
          98     1.325224730         4.516764540        0.1930150217         1.934990580     
          99     2.714425466         4.869547611       -0.1037363367         1.688091113     
         100     2.385212944         4.849649361       -0.1090561597         1.759670021     
         101     1.259633284         4.539014295        8.3338852678E-002    1.894694114     
         102     2.014444101         4.747334932        2.3576088424E-002    1.721855367     
         103     2.454312974         4.767943479       -2.5544392986E-002    1.788464011     
         104     2.296806853         4.854647191       -4.7687429756E-002    1.789715938     
         105     2.213176477         4.853948781       -3.9412577932E-002    1.752578951     
         106     1.651219325         4.630805023        5.4348048278E-003    1.838779067     
         107     1.654160317         4.640192247        0.1017434552         1.879670236     
         108     1.871774064         4.610951719        4.2359673979E-002    1.855273440     
         109     1.750231629         4.598893757        5.2489389543E-002    1.850347404     
         110     1.618020455         4.589098125        3.4232656671E-002    1.839237362     
         111     2.046209784         4.723658704        2.6460011592E-002    1.803450549     
         112     3.065973371         4.927975910       -7.0542220366E-002    1.751950298     
         113     2.266387836         4.757691453        2.8476229959E-002    1.836056718     
         114     2.005260192         4.748019893        3.2890068936E-002    1.839573051     
         115     2.910924988         4.889012863        1.6865417972E-002    1.676329404     
         116     2.446611499         4.809465247        8.7898837409E-003    1.663373845     
         117     1.620683788         4.562966281        5.0707966697E-002    1.800604609     
         118     2.130210349         4.752803124        0.1091937369         1.664398302     
         119     2.232784056         4.761203854        0.1122620306         1.718592434     
         120     2.592001644         4.820332580        3.2057954058E-003    1.843995707     
         121     2.255791882         4.820252797       -6.5382061081E-002    1.712154715     
         122     2.425976273         4.767310595        1.9620866955E-002    1.741898041     
         123     2.399681921         4.858481190       -6.5139885730E-003    1.711033623     
         124     2.572926670         4.807321603        9.6017930963E-003    1.813556530     
         125     1.666438530         4.674682566        4.0278971702E-002    1.704377226     
         126     1.533422696         4.570440679        2.5949826292E-002    1.773851493     
         127     1.665348008         4.644915839        0.1072537393         1.801263800     
         128     1.588520081         4.634942566        0.1110842160         1.805855394     
         129     2.014553185         4.683954642        6.4499721596E-003    1.702730904     
         130     2.519560569         4.834310994        1.7564402281E-002    1.873115740     
         131     2.385292691         4.799466450        9.9349248904E-002    1.793941671     
         132     3.460509554         4.956126694       -1.6380564204E-002    1.866666585     
         133     2.362965827         4.769378915       -2.1869757417E-003    1.729197926     
         134     2.071372891         4.766582202       -2.4389817085E-002    1.636930486     
         135     2.072561792         4.799351875        4.2379020767E-002    1.899740975     
         136     3.057007499         4.872945387       -4.0910787277E-002    1.918792980     
         137     2.405887069         4.819927630        7.1302076968E-002    1.864764877     
         138     2.568873349         4.836535073        6.5734716397E-002    1.887948155     
         139     2.204658906         4.761259892        3.9346246659E-003    1.757723870     
         140     2.632352367         4.796372758       -6.5390629553E-003    1.739907349     
         141     2.832508479         4.842436930        7.7305020042E-005    1.738507876     
         142     2.842183765         4.837961939        3.0836291631E-003    1.758791200     
         143     3.480112598         4.941204591       -8.5637090690E-002    1.783589915     
         144     3.309212353         4.915910928       -8.6716174951E-002    1.765167026     
         145     3.211030163         4.900562332       -7.7982635105E-002    1.756889100     
         146     1.996625356         4.781974160       -2.0043743730E-002    1.744163073     
         147     3.256674100         4.863137873       -8.1664008488E-002    1.827121358     
         148     3.967792309         4.963493396       -0.1136619983         1.806203214     
         149     2.029978370         4.774257863       -4.4501134319E-002    1.810967640     
         150     2.004148197         4.684973351        3.0625531237E-002    1.947539205     
         151     1.677061175         4.686377974        4.2609806739E-002    1.905762184     
         152     1.625668246         4.598524511        0.1415519548         1.814749391     
         153     1.560397071         4.612281777        0.1601100832         1.806288587     
         154     1.103098629         4.407215316        0.2076960954         1.951203331     
         155     1.103098629         4.407215316        0.2076960954         1.951203331     
         156     1.119271903         4.414354853        0.2025068032         1.949961976     
         157     1.049305614         4.307242885        0.1776695382         1.720344403     
         158     1.092047687         4.314038163        0.1729794202         1.707595849     
         159     1.092047687         4.314038163        0.1729794202         1.707595849     
         160     1.092047687         4.314038163        0.1729794202         1.707595849     
         161     1.109294454         4.313206462        0.1637396375         1.722300347     
         162     1.109294454         4.313206462        0.1637396375         1.722300347     
         163     1.109294454         4.313206462        0.1637396375         1.722300347     
         164     2.365554605         4.834846996        8.8945112967E-003    1.815427385     
         165     1.952279898         4.704719360       -1.0936176725E-002    1.773204259     
         166     2.079408558         4.749085266        6.9390729991E-002    1.795358261     
         167     2.697225606         4.828869501       -8.2751729131E-002    1.662469865     
         168     3.158043496         4.895816874       -6.0614892983E-002    1.787982610     
         169     3.155427171         4.903691546       -7.1831261816E-002    1.775117058     
         170     2.360737606         4.742842916        2.7108418514E-002    1.840593872     
         171     2.273675827         4.849814848       -5.6929322088E-002    1.769922236     
         172     2.035496136         4.811993672       -2.5289733386E-002    1.795267382     
         173     3.149706925         4.866377391        4.1782365778E-002    1.846603152     
         174     2.921767781         4.895223029        1.5382897911E-002    1.734790446     
         175     1.733674462         4.695445856       -2.8976758147E-002    1.802702516     
         176     2.053094277         4.697564058        9.0315682049E-002    1.730987559     
         177     2.295634262         4.823121541       -7.5493200256E-002    1.816541160     
         178     1.338980853         4.467801361        0.1985830628         1.856576742     
         179     1.228152967         4.430915059        0.2637916262         1.854348884     
         180     1.124924037         4.384960685        0.1988150187         1.905542023     
         181     1.779022856         4.648676923       -2.9475751627E-002    1.881570301     
         182     1.610149649         4.594283274        8.8087554154E-002    1.850317901     
         183     1.389147877         4.486289585        7.7906652685E-002    1.729226818     
         184     1.257328962         4.435690360        0.1325664252         1.720593799     
         185     1.526823307         4.565068886        5.2926851338E-002    1.773904655     
         186     1.467632442         4.584028739        6.6830934524E-002    1.843116796     
         187     2.036089419         4.678049910        3.3453808431E-002    1.815376823     
         188     3.139257613         5.006452158       -7.1394633446E-002    1.756681679     
         189     2.162984892         4.767814292       -1.4134740277E-002    1.730878011     
         190     1.276892826         4.449962367        0.1563115157         1.845683795     
         191     1.446247711         4.457342430        0.1336150355         1.847264598     
         192     1.060733504         4.398360027        0.1520300840         1.848375630     
         193     1.366119427         4.437151744        0.1457493149         1.853156617     
         194     2.776922170         4.910830862       -8.8061625541E-002    1.713931656     
         195     3.711164739         4.975430887       -0.1176039937         1.748666517     
         196     2.485420460         4.794240877       -3.5018097731E-002    1.816109486     
         197     1.914766284         4.689758629        5.7839176191E-002    1.777435210     
         198     2.263531156         4.747483557        4.8422833700E-002    1.806555230     
         199     2.415629471         4.805803571       -4.5575814191E-002    1.796970488     
         200     2.562232876         4.809958949        4.4319359560E-002    1.797632925     
         201     2.472068328         4.837203460        3.2904435831E-003    1.823595184     
         202     1.647436402         4.635836071        2.9214264261E-002    1.722093708     
         203     1.719479271         4.642061142        2.7836990015E-002    1.725131186     
         204     2.264807996         4.823103891       -6.5849782277E-004    1.755003010     
         205     2.135377106         4.760868291       -3.5816068897E-002    1.799719614     
         206     1.967924430         4.650341092        4.2169231066E-002    1.673499379     
         207     1.610631761         4.667984507        0.1391720266         1.806828314     
         208     2.292807826         4.756194998        3.3736063853E-002    1.821227074     
         209     2.626717687         4.871714161       -4.4795472264E-002    1.844213493     
         210     2.150878759         4.771568735       -5.9625169503E-002    1.830466482     
         211     1.523445819         4.561865781        1.6130425303E-002    1.961648916     
         212     1.241465300         4.477100482        7.4705986013E-002    1.910936103     
         213     1.386746632         4.437273959        7.3487649734E-002    1.779611219     
         214     1.114146354         4.430871936        0.2178385785         1.926361830     
         215     1.403513827         4.505790933        0.2008259064         1.832004965     
         216     1.141722923         4.473704180        0.2837373544         1.890314061     
         217     1.107041792         4.361457120        0.2051646977         1.765820340     
         218     1.577789601         4.595818773        6.4802563603E-002    1.831605416     
         219     1.624874058         4.648223306        8.5946787671E-002    1.858894654     
         220     2.849518143         4.853384596       -6.1082688262E-002    1.713834313     
         221     2.183462868         4.756189560       -4.2688207724E-002    1.719283679     
         222     2.490418100         4.860183344        7.1348555964E-002    1.819159143     
         223     3.321410820         4.896107862       -5.6725433204E-002    1.869584933     
         224     3.412873538         4.899265992       -6.2015758124E-002    1.852912118     
         225     4.494584256         4.990898724       -7.6192332198E-002    1.822538175     
         226     3.980356413         4.912911639       -4.6270778570E-002    1.777185258     
         227     3.200419158         4.893557825       -3.0324152129E-002    1.823779830     
         228     2.391741562         4.810608277       -7.0151837208E-003    1.620761020     
         229     2.810218294         4.807871582       -4.7984002615E-002    1.741450475     
         230     2.512698742         4.874890126       -2.5428017608E-002    1.841502483     
         231     2.916028053         4.930900615       -8.8491773013E-002    1.876610810     
         232     2.328306333         4.743943070       -2.0801614676E-002    1.735298482     
         233     2.043464301         4.773064509        3.3135935278E-002    1.809415186     
         234     2.301940107         4.800797544        2.0941928045E-002    1.831596207     
         235     2.471901296         4.782269336        5.5749643367E-002    1.864433111     
         236     1.599232109         4.681646100        0.1235815979         1.839619054     
         237     2.200482411         4.774651990        1.8884589669E-002    1.814921458     
         238     1.743182018         4.642085179        3.6523633596E-002    1.740982280     
         239     1.654866920         4.605216514        7.4275378847E-002    1.859197181     
         240     1.117197162         4.318130730        0.1153021276         1.784695550     
         241     1.129111749         4.371048236        9.0977416651E-002    1.768610132     
         242     2.745434457         4.906320116        1.1258685166E-002    1.834949661     
         243     2.780683253         4.909098188        1.1128783814E-002    1.837156292     
         244     3.178903901         4.872123859        4.6834015147E-002    1.790828290     
         245     3.495060483         4.927583815       -3.1795184700E-002    1.825827937     
         246     3.154446142         4.864493040       -1.5313183699E-003    1.844972870     
         247     3.370224043         4.896575593        1.2085292496E-003    1.904084742     
         248     3.454583460         4.926861177       -0.1069957925         1.910150339     
         249     3.107115456         4.822451465       -4.2361639900E-002    1.892953496     
         250     1.914496982         4.818408076       -4.3175126260E-002    1.961570746     
         251     1.935350519         4.812979930       -4.1114746532E-002    1.957840212     
         252     2.430501683         4.762399407       -3.1441504068E-002    1.695508136     
         253     3.635626784         4.980281926       -8.2404062075E-002    1.827736095     
         254     2.368423001         4.729469418       -1.2000810936E-002    1.800071843     
         255     1.838846454         4.707910015        3.3161935958E-002    1.676998916     
         256     1.540354525         4.566934716        9.0623865296E-002    1.747412996     
         257     1.726220870         4.613099840        4.3242425648E-002    1.813478910     
         258     1.877946910         4.637041630        1.6099504364E-002    1.836639638     
         259     1.903904087         4.653829184       -2.7804069504E-002    1.794256597     
         260     1.187562675         4.378184959        0.2371649630         1.814663354     
         261     3.022117053         4.961022595       -3.7012556672E-002    1.804808976     
         262     1.594829652         4.569313903        6.9674100552E-002    1.724700427     
         263     1.452988414         4.502184506        0.1430123616         1.672514045     
         264     2.481929901         4.840490343       -2.7896569591E-002    1.879603401     
         265     1.886093752         4.712307401        2.5543357488E-002    1.787789562     
         266     1.899982798         4.679251366       -2.6731916239E-002    1.717618921     
         267     2.198239359         4.728570370       -4.1419992850E-002    1.724433793     
         268     1.497513342         4.627482566        0.1212079956         1.822576980     
         269     2.264339085         4.745174036        4.2862526236E-002    1.844458052     
         270     1.532786192         4.625891941        8.3386890629E-002    1.835365341     
         271     2.343694577         4.763030304       -3.1304772365E-003    1.753560844     
         272     2.160375917         4.785011994        3.8244500084E-004    1.821990692     
         273     1.921355838         4.758916366        6.4181982175E-003    1.818379598     
         274     2.328205507         4.804339148       -2.6402166426E-002    1.815938291     
         275     2.327196113         4.817064953        1.5744103234E-002    1.803464593     
         276     1.916023008         4.686178712       -2.7933511689E-003    1.755268539     
         277     1.645363309         4.590305316        7.8685703651E-002    1.702821143     
         278     3.130676945         4.942948782       -0.1193937633         1.887498840     
         279     1.918226488         4.637551146        8.6823338002E-002    1.720606061     
         280     1.771927999         4.651537252        0.1346335308         1.684830455     
         281     1.927511473         4.758582009        4.0016574549E-002    1.701748154     
         282     2.191866886         4.769689057       -6.9114832031E-003    1.731280049     
         283     2.231266606         4.764786925        1.9325679294E-002    1.809104710     
         284     2.683499397         4.771234016       -1.2764621058E-002    1.835145088     
         285     2.441852565         4.763213809        3.0742957847E-002    1.808451684     
         286     3.188433068         4.894893568        3.7137990935E-002    1.734512672     
         287     2.814733264         4.899624919       -2.6520552315E-002    1.701161599     
         288     1.942138199         4.711537865        6.0756990069E-002    1.776202903     
         289     2.062449086         4.717897582       -2.0044233159E-002    1.772321797     
         290     2.444534147         4.864106832       -6.8036925572E-002    1.785958968     
         291     2.005301279         4.710982580        8.2398470267E-002    1.716591982     
         292     1.981973898         4.716389463        7.3862612604E-002    1.659676003     
         293     2.239377243         4.781031680        2.6943639118E-002    1.626678794     
         294     2.297570279         4.772640199        1.5325375484E-002    1.887497582     
         295     2.352758859         4.776401329        2.1646344108E-002    1.885147957     
         296     2.903783161         4.883914506       -2.3360075790E-002    1.775458618     
         297     1.340261733         4.494825913        0.2322779787         1.865510414     
         298     1.350504906         4.496105548        0.1473961812         1.856643132     
         299     2.073535704         4.777933732        3.6110585461E-002    1.744540474     
         300     2.644570428         4.870569244       -5.2590342042E-003    1.766557822     
         301     1.826371670         4.678537843        8.4029891184E-002    1.740585098     
         302     1.996845799         4.756919043        5.0821112022E-002    1.765287797     
         303     2.194118520         4.755700184       -5.5667472631E-002    1.806836811     
         304     1.263728346         4.416901749        0.1839351181         1.814858208     
         305     1.547045138         4.603306629        0.1557626443         1.883295864     
         306     1.672045599         4.629157806        0.1338021997         1.858243115     
         307     1.556289153         4.557758478       -1.7984088899E-002    1.704958801     
         308     1.968353007         4.674961552        9.6364561121E-002    1.820502568     
         309     1.354944861         4.516003690        0.1263543361         1.760607829     
         310     1.803212033         4.664103858       -1.6555741952E-003    1.668431410     
         311     1.659865246         4.613292196       -6.2959538041E-002    1.654086428     
         312     2.229519698         4.704774649       -0.1468848367         1.681134047     
         313     1.922070436         4.715285059       -0.1226391464         1.723035308     
         314     1.749397912         4.632265086        3.2964434295E-002    1.710138565     
         315     2.000361204         4.708689601        4.7864364693E-002    1.785688365     
         316     1.823869528         4.683881630        5.6606518648E-002    1.778779575     
         317     1.660915944         4.697415063        4.7905310019E-002    1.758042715     
         318     3.615043827         4.954902478       -1.6749888835E-002    1.753228003     
         319     2.833430350         4.808020504       -7.3685915335E-002    1.781736754     
         320     2.714412597         4.851235267       -7.4496276975E-002    1.818071859     
         321     1.909762722         4.711791943       -4.2298609680E-003    1.745187208     
         322     3.110068632         4.953658131       -0.1789369118         1.689084229     
         323     2.578490028         4.878962950       -9.7006838433E-002    1.746795243     
         324     3.024644598         4.915389362       -0.1124462773         1.787419658     
         325     2.544387519         4.848808149       -9.2437028884E-002    1.752740340     
         326     2.067254614         4.749519868        8.8088655845E-002    1.741742290     
         327     1.929227301         4.655394134       -4.4038075147E-002    1.778336537     
         328     2.927251720         4.932434140       -7.4875603861E-002    1.725230403     
         329     2.276691940         4.785458797       -1.6753489043E-002    1.771977062     
         330     2.018970506         4.729302454        4.0679410936E-002    1.832972822     
         331     1.900340877         4.710911671        6.6783797945E-003    1.791340085     
         332     2.186488097         4.744580698        2.4023283071E-002    1.845861650     
         333     1.716973612         4.587641561        4.5692497283E-002    1.807944034     
         334     1.893049657         4.602658066        4.6906640107E-002    1.972970745     
         335     1.592693698         4.579252232        6.1358629711E-002    1.935350409     
         336     1.340224049         4.511909942        0.1037092964         1.896819574     
         337     1.098714095         4.298623924        0.2490478402         1.972091365     
         338    0.9772138099         4.290490492        0.2176219268         1.924805190     
         339     1.005969140         4.310889787        6.6465600148E-002    1.943639472     
         340     1.181969130         4.377185014        3.9202520652E-002    1.884001520     
         341     1.236981871         4.463720004        0.2806819844         1.772803880     
         342     2.668179926         4.906630852       -0.1906162293         1.835133626     
         343     1.513159288         4.626986913        0.1141284756         1.902022047     
         344     1.407275821         4.458406659        0.1557197596         1.718673346     
         345     1.205804929         4.431025727        0.1508738422         1.690965666     
         346     1.205804929         4.431025727        0.1508738422         1.690965666     
         347     1.429202218         4.536245442        9.8475750156E-002    1.758797716     
         348     1.347745503         4.500238395        4.4445701884E-002    1.863636568     
         349     1.930478953         4.685404021       -4.3793475586E-002    1.955374613     
         350     1.946691462         4.695401349        0.1170531063         1.669686529     
         351     2.180199585         4.760772959        9.4188663567E-002    1.693854344     
         352     2.076695380         4.751749526       -9.8108334501E-002    1.850963568     
         353     1.218297952         4.418543869        0.2578255401         1.714992253     
         354     1.028737723         4.384450286        0.2449728165         1.787873526     
         355     1.625254237         4.557937270        5.2270227536E-004    1.777833861     
         356     1.711602012         4.593633818        5.9852063477E-002    1.687063392     
         357     3.151293514         4.901278502       -3.0566835640E-002    1.866310981     
         358     2.714487176         4.847450730        3.8861215615E-004    1.802399565     
         359     2.330617067         4.738887735       -0.1100193894         1.908459018     
         360     1.490279783         4.615925791        1.8471062762E-002    1.859224096     
         361     1.989191030         4.699817910       -1.8601613114E-002    1.845694277     
         362     1.970363421         4.705093273       -5.3197538425E-002    1.738420930     
         363     2.647914687         4.866926975       -0.1453821136         1.821320979     
         364     1.805378736         4.640736026        6.7665243823E-002    1.804763685     
         365     1.734563019         4.653776804        1.0833359450E-002    1.822718394     
         366     2.296668521         4.820360603       -2.8136628750E-002    1.767645644     
         367     1.214186365         4.448471930        0.2322835563         1.819106483     
         368     1.114835170         4.386853965        0.2229361063         1.752940766     
         369    0.9735419746         4.316080949        0.2435155586         1.889143711     
         370    0.8626871503         4.301058886        0.2513911784         1.888886537     
         371     1.167862508         4.358268216        0.2254664547         1.880380710     
         372     1.781288050         4.626968934        0.1160750914         1.726605609     
         373     2.253508918         4.772575189       -3.8074878085E-002    1.867832725     
         374     2.897618578         4.960800701       -7.3376660215E-002    1.816547260     
         375     1.570647041         4.602315274        6.4273969351E-002    1.766052194     
         376     1.630667459         4.571995525        9.8321052073E-002    1.864207863     
         377     1.373529375         4.526989309        0.1804319055         1.745211968     
         378     1.175287619         4.417172465        0.2182309805         1.828865560     
         379     1.376043016         4.436964663        0.2203005580         1.833084139     
         380     2.888651541         4.935477893       -0.1111220416         1.899410176     
         381     2.169969107         4.807001011       -9.0072177412E-003    1.852900203     
         382     3.175382779         4.850658607       -5.5536483859E-002    1.672286332     
         383     4.288927367         4.981164010       -5.3204773661E-002    1.751555278     
         384     1.939951054         4.788443927       -9.1235374355E-003    1.647409312     
         385     4.237314819         4.988044333       -5.0956902526E-002    1.712521381     
         386     3.894440178         4.957793400       -3.2571369277E-002    1.690183987     
         387     2.690373546         4.871435452       -2.8858205309E-003    1.889353674     
         388     2.771525449         4.929158112        2.6552893465E-002    1.898636009     
         389    0.8961359605         4.298763254        0.2107669447         1.761146750     
         390     1.269346553         4.387622190        0.2226698844         1.773757062     
         391     1.634835898         4.572184448       -2.3575450060E-002    1.870867528     
         392     1.585810263         4.610582330        5.5352310651E-003    1.763865500     
         393     1.317787581         4.544001416        0.2143215256         1.701277589     
         394     1.598487059         4.579271934        0.2007015679         1.713175658     
         395     1.330245447         4.538057141        0.1853503882         1.789294968     
         396     2.109109009         4.799114308       -6.1205981155E-002    1.904779768     
         397     1.572578464         4.598632993        0.1234840578         1.683020361     
         398     1.549529207         4.586599550        0.1201197073         1.698459877     
         399     1.549529207         4.586599550        0.1201197073         1.698459877     
         400     1.742159553         4.612805183        0.1140324012         1.677546046     
         401     1.859018720         4.677929219        6.2034764053E-002    1.709925226     
         402     2.062931680         4.725094101        3.4953458743E-002    1.789873815     
         403     1.684086055         4.556845684        9.5799536414E-002    1.736887783     
         404     2.418050779         4.775714843       -3.8699172582E-004    1.787653891     
         405     2.466844661         4.864449422       -3.5844116551E-002    1.804921883     
         406     1.365092065         4.450358837        0.1420983434         1.708686155     
         407     1.030866517         4.355196812        0.2064218018         1.832452520     
         408     1.030866517         4.355196812        0.2064218018         1.832452520     
         409     1.292052001         4.378745004        0.1945703263         1.845001336     
         410     1.217039797         4.397298597        0.2191858644         1.783674587     
         411     1.280357139         4.502898200        0.1071538161         1.881081040     
         412     3.057810504         4.939150199       -7.4169451202E-002    1.752409267     
         413     2.027456581         4.744768389        2.7978889164E-002    1.656998763     
         414     1.431913662         4.484639491        8.3281989647E-002    1.777768527     
         415     1.971856595         4.702919782        3.9470737014E-002    1.700116986     
         416     2.632203840         4.860964285       -4.5390450986E-002    1.778721952     
         417     2.846466003         4.857271457       -9.7582685557E-003    1.776133089     
         418     2.234630548         4.756108873        2.0657668959E-002    1.793883706     
         419     2.134828409         4.750104120        2.6054790435E-002    1.796324601     
         420     1.273866098         4.486101538        0.1512018176         1.876646618     
         421     1.685336402         4.551847068        0.1002646875         1.882472158     
         422     1.097834517         4.468172508        0.1380104819         1.854112166     
         423     1.505378022         4.524464367        0.1002445211         1.856336866     
         424     1.435694178         4.500071620        8.5523478279E-002    1.873863745     
         425     1.448759158         4.479100602        5.0155916890E-002    1.849821862     
         426     1.761327187         4.610855338       -1.0414298525E-002    1.829054080     
         427     1.986119549         4.710261051        9.2265322520E-002    1.694639530     
         428     1.908897226         4.697051528        8.0689928953E-002    1.628655888     
         429     2.164135855         4.758715179        4.9092433305E-002    1.626608199     
         430     1.512784559         4.537287948        0.1404152737         1.830530252     
         431     1.480146150         4.548409152        7.6855232860E-002    1.784027721     
         432    0.9656159344         4.296064551        0.1565479114         1.824326526     
         433     1.036300879         4.297189365        0.1427097316         1.833329659     
         434     1.058391349         4.339444458        0.1306571517         1.837122119     
         435     2.073376148         4.751517352        4.9027544146E-002    1.720322249     
         436     1.984146827         4.681517131       -1.5301721524E-003    1.827352972     
         437     1.991747214         4.706217291       -2.1524612765E-002    1.825134659     
         438     2.840040255         4.842268832       -2.8739750939E-002    1.755197168     
         439     2.530475927         4.866530683       -4.6300172104E-002    1.799300941     
         440     2.619048786         4.869716441       -3.4855507494E-002    1.724976877     
         441     2.586007072         4.861095032       -2.6311460358E-002    1.731767894     
         442     1.596378704         4.587003412        7.4388310640E-002    1.837072537     
         443     1.621927965         4.601099179        5.4581962630E-002    1.752428317     
         444     1.892459697         4.634190147        5.2986584936E-002    1.787036794     
         445     1.410895678         4.563687214        4.5864816809E-002    1.801856228     
         446     1.590814742         4.576033877        5.0042921221E-002    1.786351813     
         447     2.395181766         4.808659559       -3.3057102767E-002    1.815802993     
         448     2.969749275         4.902134875       -7.5482066902E-002    1.828760066     
         449     1.934288907         4.757349500       -7.6224423740E-002    1.785251191     
         450     1.456988803         4.542967614        0.1567319545         1.817226226     
         451     1.308728443         4.477648038        0.1823674019         1.795206284     
         452     1.668402915         4.621083685        6.0728739700E-002    1.881268172     
         453     1.824459780         4.632378864        6.3732906307E-002    1.881957703     
         454     2.537972372         4.731380590        4.5183541785E-002    1.842601986     
         455     2.821194553         4.905839398       -4.8329904114E-002    1.823384000     
         456     2.932870805         4.906556404       -5.8634793939E-002    1.824771031     
         457     1.549486447         4.637369573        4.7121547478E-002    1.699452730     
         458     1.912330008         4.703149368        8.2224087150E-002    1.701661207     
         459     1.932211366         4.694962356        8.7183127706E-002    1.660976846     
         460     2.575247280         4.794409128        5.5224822855E-002    1.607412414     
         461     2.226645480         4.786876802        2.2568920071E-002    1.609051827     
         462     2.233003564         4.770615507       -1.6701957978E-002    1.570208165     
         463     1.920491590         4.649903960        1.4819379620E-002    1.889544811     
         464     1.501197516         4.610147267        1.0424304583E-002    1.879270162     
         465     1.890935822         4.621107119        2.5022368174E-002    1.728959914     
         466     1.642190612         4.585581065        1.5629570168E-002    1.662303186     
         467     1.736891690         4.638856114        8.0500710392E-002    1.834314076     
         468     1.444110566         4.590573945        0.1084817590         1.834756585     
         469     1.934265433         4.662079926        8.4733792478E-002    1.833562893     
         470     2.587791013         4.899740830       -2.1743709619E-003    1.773910734     
         471     2.822065289         4.875354617        6.7580536904E-002    1.857763620     
         472     2.436222168         4.801629599        9.4834933966E-002    1.888779206     
         473     1.887360149         4.709523230        0.1079773171         1.896978755     
         474     1.669975776         4.569121820        1.2229306350E-003    1.692237171     
         475     1.605804546         4.546135092       -1.8874440196E-002    1.803717574     
         476     1.889108236         4.661854392        9.8589853673E-002    1.837635460     
         477     4.045721577         5.024618649       -0.1733435040         1.738755713     
         478     3.220321908         4.844003963        0.1073362896         1.881695909     
         479     1.952691957         4.807616450       -4.3295336647E-002    1.816690577     
         480     3.625948572         4.906126478        1.0358168527E-002    1.822356119     
         481     3.896315281         4.944206178       -4.5343130876E-002    1.812491930     
         482     3.412678620         4.908431267       -4.3732196950E-002    1.851078313     
         483     1.825321801         4.771559015        6.5529140999E-002    1.752754352     
         484     2.391634561         4.822977015        8.8306509342E-003    1.740918069     
         485     2.273330665         4.809434979        6.0713035616E-003    1.746917782     
         486     2.176020629         4.807407995        8.3595921917E-003    1.807873448     
         487     3.593986252         4.977533679       -9.3327915926E-002    1.940379565     
         488     1.845437076         4.705367190        6.1894828016E-002    1.659461965     
         489     1.554152646         4.601103657        1.0277662538E-002    1.888560310     
         490     1.871627231         4.595376476       -5.2911601394E-002    1.909462668     
         491     2.152632820         4.703240016       -2.7211585342E-002    1.920416864     
         492     1.422246248         4.577398025        0.1070333706         1.861528398     
         493     1.755898905         4.631361915        0.1343986538         1.872586298     
         494     2.648548940         4.841268227        2.3081618237E-002    1.776444380     
         495     1.996100475         4.771124056       -6.4921897764E-002    1.847623606     
         496     2.376050505         4.778146269       -4.6793104682E-002    1.768804912     
         497     2.144141404         4.742234015        4.6641383636E-002    1.836585756     
         498     2.459126538         4.786915069       -1.5793762823E-002    1.688548177     
         499     2.393479360         4.812262881        1.1411765405E-002    1.874882494     
         500     2.042804107         4.798696042        3.4940749090E-002    1.879275515     
