 PROBLEM            1
 T3, THETA PRIORS 
   2.30000000000000        2.70000000000000        3.56000000000000     
   4.70000000000000       0.693000000000000        4.83000000000000     
   1.61000000000000       -8.11000000000000       -1.78000000000000     
  -1.60000000000000       -1.60000000000000     
 T2 THETA DISPERSION PRIORS
  0.250000000000000     
  0.000000000000000E+000  0.250000000000000     
  0.000000000000000E+000  0.000000000000000E+000  0.250000000000000     
  0.000000000000000E+000  0.000000000000000E+000  0.000000000000000E+000
  0.250000000000000     
  0.000000000000000E+000  0.000000000000000E+000  0.000000000000000E+000
  0.000000000000000E+000  0.250000000000000     
  0.000000000000000E+000  0.000000000000000E+000  0.000000000000000E+000
  0.000000000000000E+000  0.000000000000000E+000  4.000000000000000E-002
  0.000000000000000E+000  0.000000000000000E+000  0.000000000000000E+000
  0.000000000000000E+000  0.000000000000000E+000  0.000000000000000E+000
  4.000000000000000E-002
  0.000000000000000E+000  0.000000000000000E+000  0.000000000000000E+000
  0.000000000000000E+000  0.000000000000000E+000  0.000000000000000E+000
  0.000000000000000E+000   1.00000000000000     
  0.000000000000000E+000  0.000000000000000E+000  0.000000000000000E+000
  0.000000000000000E+000  0.000000000000000E+000  0.000000000000000E+000
  0.000000000000000E+000  0.000000000000000E+000  4.000000000000000E-002
  0.000000000000000E+000  0.000000000000000E+000  0.000000000000000E+000
  0.000000000000000E+000  0.000000000000000E+000  0.000000000000000E+000
  0.000000000000000E+000  0.000000000000000E+000  0.000000000000000E+000
   1.00000000000000     
  0.000000000000000E+000  0.000000000000000E+000  0.000000000000000E+000
  0.000000000000000E+000  0.000000000000000E+000  0.000000000000000E+000
  0.000000000000000E+000  0.000000000000000E+000  0.000000000000000E+000
  0.000000000000000E+000   1.00000000000000     
 T4, OMEGA PRIORS 
  4.500000000000000E-002
  0.000000000000000E+000  4.500000000000000E-002
  0.000000000000000E+000  0.000000000000000E+000  4.500000000000000E-002
  0.000000000000000E+000  0.000000000000000E+000  0.000000000000000E+000
  4.500000000000000E-002
  0.000000000000000E+000  0.000000000000000E+000  0.000000000000000E+000
  0.000000000000000E+000  4.500000000000000E-002
  0.000000000000000E+000  0.000000000000000E+000  0.000000000000000E+000
  0.000000000000000E+000  0.000000000000000E+000  4.500000000000000E-002
  0.000000000000000E+000  0.000000000000000E+000  0.000000000000000E+000
  0.000000000000000E+000  0.000000000000000E+000  0.000000000000000E+000
  4.500000000000000E-002
  0.000000000000000E+000  0.000000000000000E+000  0.000000000000000E+000
  0.000000000000000E+000  0.000000000000000E+000  0.000000000000000E+000
  0.000000000000000E+000  4.500000000000000E-002
 T5, OMEGA DF 
   11.0000000000000     
 T6, SIGMA PRIORS 
 T7, SIGMA DF 
 
