           1     1.849988734         4.628435513        5.5150686453E-002    1.842950355     
           2     1.722120752         4.719014113       -1.1678704042E-002    1.952770330     
           3     1.821481187         4.746657806       -4.8294984189E-002    1.966243946     
           4     2.555755163         4.906623680       -5.5451339344E-002    1.744150698     
           5     2.132057467         4.714456152        1.7977227783E-002    1.784119987     
           6     2.345781093         4.743513714       -2.7266426296E-002    1.711353750     
           7     2.878539793         4.900431043       -8.7228643333E-002    1.775531590     
           8     1.803240504         4.631885759        1.9788955853E-002    1.873464634     
           9     2.363527070         4.781638971       -0.1537589927         1.892760196     
          10     1.711228671         4.559462289        3.1076597263E-002    1.880460644     
          11     1.194680813         4.435288859        9.8062979242E-002    2.026617773     
          12     2.635719986         4.913794140       -9.2137028297E-002    1.743417098     
          13     2.264197165         4.812791984       -3.4970580322E-002    1.790395323     
          14     2.051865963         4.764249843        1.5017476729E-002    1.775807359     
          15     1.934373708         4.688221909        7.2522858403E-002    1.758110519     
          16     2.363963620         4.842322785        3.5183453625E-003    1.748959782     
          17     1.365520998         4.454336123        6.5614952426E-002    1.837808445     
          18     2.327037971         4.796453540       -0.1121644580         1.787128259     
          19     2.136664444         4.779415588       -8.5662939395E-002    1.731616834     
          20     1.596470245         4.563345363        0.1050221154         1.739294928     
          21     1.819892508         4.715815400        2.2690970432E-002    1.765893149     
          22     1.061457526         4.320993652        0.1619006598         1.787325297     
          23     1.071554670         4.318276882        0.2247894279         1.779689249     
          24    0.9118624590         4.280284759        0.2387347770         1.817318081     
          25     2.143140421         4.817435974        1.7231931760E-002    1.896712801     
          26     2.019180296         4.699596780        9.0593854136E-002    1.850594022     
          27     2.775914881         4.913008787       -4.8424806936E-002    1.762418422     
          28     2.645702187         4.881148622       -3.6727960354E-002    1.770097688     
          29     2.756692914         4.809364077       -2.3218123153E-002    1.799880199     
          30     2.947879319         4.918126612       -5.7604990158E-002    1.992903901     
          31     2.698723427         4.875130785       -6.9100114719E-003    1.689378109     
          32     2.457438533         4.786158239       -4.1325753500E-002    1.899532231     
          33     2.187065561         4.794143765        7.2893122545E-002    1.787159863     
          34     2.205511330         4.800932157        8.7821308418E-003    1.770676588     
          35     1.390332536         4.485859781        5.5580873000E-002    1.876966960     
          36     1.675773897         4.638561187       -5.8642483433E-002    1.869677589     
          37     1.989790920         4.742618281        0.1850123808         1.773235396     
          38     2.262286021         4.747409948       -0.1078294969         1.986472578     
          39     1.667717672         4.512607702        4.8282496857E-002    2.137071476     
          40     1.441750313         4.534769713        8.4706670589E-002    2.031483738     
          41     1.208852905         4.494167810        0.1788446851         1.980451560     
          42     1.237029667         4.432223802        0.1827534121         1.916752207     
          43     1.111061390         4.392792792        0.2850146841         1.889052131     
          44     1.515053539         4.524690022        9.8381752076E-002    1.950495285     
          45     2.001392763         4.676955726        2.5550817149E-002    1.964692689     
          46     1.806342312         4.679553469        0.1426020475         1.750589383     
          47     1.693899748         4.640457447        0.1511910609         1.751903470     
          48     1.753862741         4.680503727        0.1255369622         1.744117649     
          49     2.248769300         4.855318398        5.7383230349E-002    1.760883698     
          50     1.566565934         4.563990477        0.1795289229         1.953508718     
          51     1.649332106         4.681220806        0.1089652726         1.852772279     
          52     1.785318853         4.611142640        2.8123712451E-002    1.852299001     
          53     1.972765679         4.705758072        3.7780152892E-002    1.731986507     
          54     1.972765679         4.705758072        3.7780152892E-002    1.731986507     
          55     1.669722699         4.589953456        1.3595859031E-002    1.694033214     
          56     1.610402363         4.587569661        9.8527913119E-002    1.877193763     
          57     1.786681734         4.676503266        2.4993248856E-002    1.785622451     
          58     1.888450676         4.687389609       -3.8933038664E-003    1.795418567     
          59     1.609400135         4.603176486        0.1300490565         1.794852086     
          60     2.005967773         4.739280195       -1.6304597089E-002    1.785781353     
          61     1.684361530         4.628779932        4.4155542123E-002    1.835303810     
          62     1.493444648         4.566628076        0.1060858770         1.810633757     
          63     1.794851159         4.671999863        2.2023203798E-002    1.781720617     
          64     1.830426925         4.652921294       -2.0340997573E-002    1.806707667     
          65     1.340060608         4.516552470        0.1825439867         1.753894870     
          66     1.390750629         4.413586505        2.7376851976E-002    2.001302338     
          67    0.8598748667         4.251114544        0.1206246475         2.021577134     
          68     1.649800910         4.690890028        9.9789811646E-002    1.599374472     
          69     1.772734719         4.735279056        6.0867903367E-002    1.652749175     
          70     1.714785747         4.699074113        6.7689851493E-002    1.689609825     
          71     1.873788344         4.607823491        2.9991485364E-002    1.780597814     
          72     2.225848215         4.792151529       -1.6748472282E-002    1.695814798     
          73     1.951990132         4.651525242       -2.0372510017E-003    1.744076467     
          74     1.435442149         4.565656631        4.7718641765E-002    1.747396727     
          75     1.531339478         4.588215346        2.5085120785E-002    1.671935137     
          76     1.460372058         4.502110737        9.1605860352E-002    1.843171116     
          77     1.157516790         4.401454811        0.1323656171         1.893043753     
          78     1.311270034         4.459543627        4.4934639837E-002    1.882903024     
          79     1.149758261         4.395315543        8.4346387969E-002    1.768555415     
          80     1.642232885         4.543570967       -2.3480921698E-002    1.769627541     
          81    0.9316795386         4.262648551        0.1659361959         1.742784250     
          82     1.306072228         4.354751176        9.6622872623E-002    1.756781427     
          83    0.9583405522         4.294340660        9.4434517547E-002    1.702729446     
          84     1.377163876         4.517059424        0.1050264463         1.776262313     
          85     1.645655880         4.585570572        2.8558152265E-002    1.676463159     
          86     1.470678978         4.554506764        6.4674686434E-002    1.830743644     
          87     1.469275303         4.605169807        3.8671774410E-002    1.877413060     
          88     1.620975805         4.600897280        6.1865451197E-002    1.936030552     
          89     2.104517710         4.723427527       -1.1137714448E-004    1.649110465     
          90     1.578067933         4.587471724        0.1453652858         1.712665289     
          91     1.911360068         4.676175994        6.7342818076E-003    1.848740159     
          92     1.564240631         4.545798655        8.8165544519E-002    1.891733571     
          93     1.535944719         4.550662098        0.1323726713         1.800485155     
          94     1.160805666         4.412750769        0.1754203225         1.786942557     
          95     2.614054314         4.863777425       -9.2524211239E-002    1.715868158     
          96     2.148476919         4.797809022        4.5264018654E-002    1.901981637     
          97     2.207816145         4.753189217       -3.5186410999E-002    1.728928175     
          98     2.258744884         4.777302697       -3.2378950747E-002    1.787780767     
          99     1.518759036         4.557326690        4.2000721493E-002    1.857884739     
         100     1.982876277         4.738962762       -3.0438634822E-002    1.784565690     
         101     1.948360803         4.757490159       -1.6648777522E-002    1.777029527     
         102     1.748520835         4.628888670        3.1864847988E-002    1.786312440     
         103     2.017062391         4.775799936        4.4215606944E-002    1.814649412     
         104     2.863846445         4.901832238       -6.6420846717E-002    1.788426128     
         105     2.538746236         4.808236327       -4.7037875984E-002    1.756187263     
         106     2.535103791         4.826372778       -1.3717577186E-002    1.798419880     
         107     2.384597062         4.797116270       -2.9205226248E-002    1.781784858     
         108     2.467487477         4.850072174       -1.0404150972E-002    1.788927648     
         109     2.224937374         4.709340076        3.3201061414E-002    1.813846623     
         110     2.508056047         4.844548180       -7.0147209642E-002    1.824762531     
         111     1.241149694         4.442460650        0.1130608913         1.822695429     
         112     2.042287261         4.733336379       -5.3431991547E-002    1.592793551     
         113     1.609826003         4.580808811        0.2256736945         1.874563000     
         114     1.654412960         4.633081044        0.2381404901         1.852283273     
         115     1.635329720         4.626213028        0.1605727123         1.906828047     
         116     1.986667948         4.671472778       -2.5089318339E-002    1.939465811     
         117     1.698321220         4.642036256        0.1190686391         1.857001321     
         118     1.836800979         4.703035306        6.0733565725E-002    1.806046281     
         119     1.351709976         4.471741815        0.1016009088         1.810124083     
         120     1.795049725         4.673652504       -1.4314603941E-002    1.810967493     
         121     1.449885563         4.520106109        0.1665725453         1.839332340     
         122     2.284673578         4.838706740        1.7912551293E-002    1.742320748     
         123     1.605016016         4.579245130        0.2011029870         1.770857018     
         124     1.518720641         4.482312731        0.1390485647         1.877582963     
         125     1.474819981         4.648255838       -3.9608174315E-002    1.736898363     
         126     1.406747295         4.430635854        5.6789321590E-002    1.788269746     
         127     1.419554365         4.587988924        2.4028640863E-002    1.752088820     
         128     1.489521173         4.564263044        2.9907816053E-002    1.722301721     
         129     1.574680454         4.568253844        0.1008480331         1.772932732     
         130     2.008341077         4.695791386        4.6841626993E-002    1.754035383     
         131     1.374611699         4.475434958        0.1542572352         1.827275667     
         132     1.170965380         4.352395583        0.1885422214         1.934214370     
         133     1.773825216         4.716280015       -1.0314948807E-002    1.652113279     
         134     1.157210590         4.358161579        0.2040306305         1.793626381     
         135     2.362244007         4.864685808       -5.2123104996E-002    1.768896981     
         136     1.180481864         4.469214617        0.2309284074         1.744038040     
         137     2.330143397         4.805649737       -4.2775480280E-002    1.895702725     
         138     1.084239871         4.414706025        0.1875297728         1.978259396     
         139     1.679476795         4.689220603       -3.8877798038E-002    1.802423000     
         140     1.656672865         4.512662040        0.1349232277         1.800353826     
         141     2.115353147         4.681781712        8.0977974989E-002    1.843420935     
         142     2.625291345         4.917491176       -4.0991433273E-002    1.770614377     
         143     2.147923638         4.702111362        4.6278205583E-002    1.770220188     
         144     2.506633907         4.806504960       -0.1074705426         1.820826914     
         145     2.196027741         4.720296388        2.6459693882E-002    1.915613811     
         146     2.064495515         4.684994492       -1.3522450989E-003    1.734647436     
         147     1.827489936         4.700697824        5.2323605170E-002    1.800990627     
         148     1.838574826         4.683381081        2.8675001025E-002    1.812315856     
         149     1.539450304         4.543882459        6.2811525432E-002    1.833653197     
         150     2.167943113         4.838665597        1.2643035158E-002    1.823538178     
         151     1.774141896         4.679840735        8.1409048889E-002    1.867772421     
         152     2.377300130         4.802801020       -3.3961595961E-002    1.541454105     
         153     2.295824242         4.763685856        4.6113462795E-003    1.554009369     
         154     1.722180988         4.630084872        3.3784555962E-002    1.920898547     
         155     1.567742294         4.565964411        7.8639875690E-002    1.876359452     
         156     1.782075478         4.654509481        4.9217925001E-002    1.667276768     
         157     1.634482570         4.641860950        1.8614466816E-002    1.707267357     
         158     1.723884415         4.675704252       -2.1346288709E-002    1.677991162     
         159     2.012904050         4.777249855        5.0957987727E-003    1.910515789     
         160     1.308163865         4.421217529        0.2087435150         1.841502239     
         161    0.8914293077         4.277087916        0.2960886235         1.823010079     
         162    0.7429367216         4.215190275        0.3457851851         1.830632216     
         163     1.392428922         4.447408295       -2.8877407738E-002    1.836620300     
         164    0.9877978922         4.203680215        0.1782165577         1.809839549     
         165     1.105139973         4.435177559        0.2342399831         1.743874468     
         166     2.219399396         4.797480914       -0.1017245904         1.940326256     
         167     2.327010187         4.754696195        7.6555262809E-002    1.734613502     
         168     2.369052216         4.746918777       -1.9018024707E-002    1.888208663     
         169     2.054072176         4.706051863        4.8196723594E-002    1.598320949     
         170     2.481031028         4.850503095       -4.1521746419E-002    1.647004683     
         171     2.781148448         4.861594076       -2.3606991159E-002    1.721028557     
         172     2.757954048         4.806866492       -1.6742626762E-002    1.775468925     
         173     2.360925527         4.822005396       -6.3222121557E-003    1.800156587     
         174     1.882910710         4.680398505        0.1363841849         1.856115014     
         175     1.628888431         4.643078884        3.0288742963E-002    1.867346927     
         176     2.697502602         4.903800834        8.5196410531E-003    1.805069634     
         177     2.186914363         4.751378507        0.1165467751         1.717166241     
         178     1.394963834         4.503640327        3.2677236016E-002    1.833223858     
         179     1.928019336         4.648121693       -1.0565470396E-002    1.717753608     
         180     1.897905615         4.665638136       -2.3411326719E-003    1.714362295     
         181     1.645108238         4.616410890        7.9214034317E-002    1.721592525     
         182     1.200114266         4.431455670        1.5960226504E-002    1.763372153     
         183    0.8130466222         4.198778202        0.2426787175         1.918775495     
         184     1.745773060         4.676259407        5.1693066704E-005    1.568750841     
         185     1.604618215         4.531252656        7.8236159766E-002    1.767169142     
         186     1.391204789         4.479367010        2.3289683943E-002    1.891405640     
         187     1.175913187         4.361602286        1.0500383677E-002    1.760624013     
         188     1.175860349         4.362266673        2.2928950711E-002    1.774250657     
         189    0.8487009477         4.200442161        0.1312100523         1.756069035     
         190     1.529362292         4.534246867       -0.1092997006         1.857420959     
         191     1.305917408         4.480648642        0.1242655274         1.806196946     
         192     1.861653735         4.744115015       -5.2409325942E-002    1.840211390     
         193     1.512868191         4.485654466        0.1178925482         1.845465168     
         194     2.063234308         4.741451229       -0.1074694260         1.800983644     
         195     1.800704682         4.636050334       -3.7322450454E-002    1.819771290     
         196     1.363107630         4.543614471        9.5174970986E-002    1.920922463     
         197     1.838294747         4.696380703        5.7857404994E-003    1.889234764     
         198     1.598804260         4.596146075        5.3855053463E-002    1.894188391     
         199     1.371749625         4.543026297        0.1674106311         1.722506175     
         200     1.758975706         4.632939280       -5.6268306186E-002    1.891630770     
         201     2.075798815         4.714035416        8.7839486421E-002    1.571756297     
         202     1.825961343         4.733232006        1.9129008261E-002    1.835914129     
         203     1.533050578         4.598152706        3.3882583390E-002    1.684182962     
         204     1.463111542         4.503102290        0.1752952753         1.884988295     
         205     1.640932260         4.683042303        5.9885308259E-002    1.837098884     
         206     1.896246512         4.798182987        5.3724637989E-003    1.794053184     
         207     1.805796576         4.793830969       -3.0906034496E-002    1.789567876     
         208     1.665956500         4.643943297        4.4421711558E-003    1.832520626     
         209     1.678018903         4.664237063        9.3462614233E-002    1.870148963     
         210     1.774194324         4.734125715        2.9345157741E-002    1.866500748     
         211     1.597506748         4.609475793       -1.2611298912E-002    1.836956245     
         212     1.613218916         4.609568133        4.3540614949E-002    1.819550013     
         213     1.616143318         4.525524184        9.5443471151E-003    1.745232211     
         214     1.922723623         4.736241860        4.3733149552E-002    1.823482917     
         215     1.757335637         4.666565706        9.5211652428E-002    1.848629125     
         216     1.487213856         4.548393789        8.1064054153E-002    1.759096771     
         217     1.936604094         4.692142396       -1.5249529122E-002    1.686494874     
         218     1.847215397         4.635012512        2.9153689551E-002    1.743174323     
         219     1.997437331         4.737829904        2.6331297771E-002    1.786365895     
         220     1.915624956         4.690393445        6.3961224339E-002    1.785757378     
         221     1.790976663         4.632475868        0.1165961269         1.701711167     
         222     2.252204687         4.817241422        9.0119517139E-003    1.734239254     
         223     1.458881496         4.574324071        0.2197090694         1.817694318     
         224     1.518525635         4.589402245        0.1919381222         1.834675951     
         225     1.721674428         4.611431493       -3.8686152557E-002    1.814788570     
         226     2.101611502         4.706873377        1.9716839211E-002    1.697441881     
         227     1.927297083         4.688648773       -2.5422986922E-002    1.651656579     
         228     2.587283043         4.878250857       -1.1349032368E-002    1.691401180     
         229     2.365641281         4.786937059        5.4238566897E-002    1.713990499     
         230     2.636078262         4.898534829       -0.1006282593         1.858452594     
         231     2.571008663         4.877127798       -8.0494602367E-002    1.849262920     
         232     2.375895108         4.805628736       -6.0076850392E-002    1.858746284     
         233     1.679513078         4.597419948        4.8503645826E-002    1.760268940     
         234     1.880259405         4.700488700        2.0122433633E-002    1.784718203     
         235     1.919966541         4.661704390        4.9565374236E-002    1.690368658     
         236     2.153030802         4.807191613       -2.1271059464E-002    1.787339873     
         237     2.360991764         4.736602081        1.7910159772E-002    1.760955585     
         238     2.213474421         4.746114077       -0.1151991252         1.787153308     
         239    0.9717213237         4.367833352        0.3137703618         1.714342540     
         240     1.928733211         4.645469756       -7.1745323082E-002    1.859646982     
         241     1.716951523         4.520603675       -2.3354342787E-002    1.830331423     
         242     1.719245451         4.620399936        1.1414975726E-003    1.884619953     
         243     1.721856318         4.611711720        5.5618978896E-002    1.786624028     
         244     1.539376726         4.581975109        6.6018891269E-002    1.716528514     
         245     1.376555687         4.490556664        0.1069249053         1.817076911     
         246     2.157782252         4.703639710       -2.6364019999E-003    1.772096135     
         247     2.184720291         4.674809697        8.4116649455E-002    1.745082009     
         248     2.608386278         4.921955046       -0.1110748742         1.747386318     
         249     1.790149887         4.625661076        0.2225091374         1.747339876     
         250     1.917925947         4.761971709        0.1067707491         1.773692208     
         251    0.9086876323         4.178970753        0.1577867458         1.799789913     
         252     2.029529473         4.852038368        2.0504168909E-002    1.693735993     
         253    0.8433506581         4.211438045        0.2812531643         1.849411509     
         254     1.441045666         4.519263475        7.4994965230E-002    1.969762844     
         255     2.202393860         4.782266219        1.8215251259E-002    1.652429372     
         256     1.862108374         4.635934962        1.7658781085E-002    1.745863092     
         257     1.308611853         4.525555235        8.1992677053E-002    1.849652608     
         258     1.339966192         4.545570342        5.8566779884E-002    1.885532513     
         259     2.167687014         4.746149844        1.3461564703E-002    1.697863399     
         260     2.226485105         4.767481508        1.6048938453E-002    1.703575851     
         261     1.857720412         4.671487328        2.2556317470E-002    1.756659806     
         262     1.529367499         4.644612013        6.4577814182E-002    1.701252018     
         263     1.167131503         4.309419414        0.1791122832         1.756360624     
         264    0.8559831470         4.205643900        0.2745352745         1.754642372     
         265     1.243278532         4.364238820        0.1339009408         1.906444257     
         266     1.514025755         4.440983353        8.0872377334E-002    1.941567908     
         267    0.6854902030         4.186738330        0.2704690936         1.865160094     
         268     1.994128638         4.701592176       -6.2951165139E-002    1.736153837     
         269     1.334319306         4.470930574        0.1293391134         1.822116845     
         270     1.107454930         4.380517615        0.2688544980         1.848581463     
         271     1.881456083         4.741888882        2.5601903453E-002    1.765587162     
         272     1.479287164         4.553874121        7.9380406461E-002    1.869756698     
         273     1.487174171         4.512731816        7.4951484701E-002    1.663796667     
         274     1.334391435         4.522666889        0.1237969051         1.703751472     
         275     1.429091164         4.521272371        6.8471982296E-002    1.761004380     
         276     1.365969423         4.464019313        7.2057180278E-002    1.757871305     
         277     1.340497787         4.455440821        8.6569959853E-002    1.758069598     
         278     2.140801528         4.793974906        4.9069768580E-002    1.765418421     
         279     1.628143352         4.626977239        0.2021902054         1.821775040     
         280     1.013329837         4.300857642        7.8549321379E-002    1.843079625     
         281     1.938458626         4.757074887        8.5228243490E-002    1.757539248     
         282     1.372345628         4.494374915        0.1527210780         1.896905175     
         283     1.524506405         4.615894917        4.7986518583E-002    1.855170646     
         284     2.059315212         4.724014545        5.5112906196E-002    1.787510566     
         285     2.083137929         4.686126074        1.5663061234E-002    1.803218540     
         286     2.395459945         4.773775719       -5.1936356989E-002    1.781814979     
         287     2.334788733         4.800862876        2.6984001238E-002    1.709140263     
         288     2.266932156         4.782692575        3.1021789991E-002    1.618990638     
         289     2.644698649         4.817283628       -2.5102693240E-002    1.896788219     
         290     1.191842994         4.384338892        8.5810905259E-002    1.818064357     
         291     1.922347363         4.707064249        9.2102258077E-003    1.695605749     
         292     1.465744676         4.523060743        8.5846620739E-002    1.652952882     
         293     1.508267250         4.478857222        6.8785623194E-002    1.725610901     
         294     1.568458962         4.653844035        9.0064022278E-002    1.663159449     
         295     3.073548679         4.898590483       -8.2847592961E-002    1.912160207     
         296     2.974722109         4.889852150        2.5346141847E-002    1.861067338     
         297     2.943665744         4.859846263        5.5006833794E-002    1.842506191     
         298     3.634649107         4.872502314       -0.1004691522         1.762980983     
         299     4.088992364         5.006966151       -0.1981158245         1.802828599     
         300     3.643548941         4.851374609       -5.1635120528E-002    1.715730790     
         301     1.361616691         4.575205803        5.1981230461E-002    1.772891225     
         302     1.238288286         4.464847343        0.1332844840         1.742601194     
         303    0.9660495549         4.280915486        0.1832138477         1.795925404     
         304     1.480711949         4.520181995        4.7778983663E-002    1.727210871     
         305     1.956541299         4.662723484        1.8060188937E-002    1.803815891     
         306     2.130236527         4.781372501       -5.9576678427E-002    1.711175572     
         307     1.275736569         4.418676751        0.1272280366         1.846909265     
         308     1.467197307         4.492271149        5.9174658474E-002    1.833318463     
         309     1.579439391         4.626039409        7.5602132963E-002    1.693896385     
         310     1.561379134         4.592219544        0.1329008355         1.699520586     
         311     1.915302344         4.731744644        9.3416579436E-003    1.697158392     
         312     1.359859307         4.480913945        0.1270254130         1.824612537     
         313     1.135356172         4.393372157        0.1847321210         1.811316747     
         314     1.693158912         4.596246781        7.5920342290E-002    1.743464613     
         315     1.060436579         4.397961260        0.1729567800         1.899474740     
         316     2.068855090         4.790193189       -1.3728050765E-002    1.724826400     
         317     1.884877860         4.642792045        0.1390856461         1.678433412     
         318     1.709472628         4.666166862        8.0118657549E-003    1.829025272     
         319     1.879420203         4.713848969       -2.8020500647E-002    1.806748839     
         320     1.941813123         4.746652076       -6.3807772743E-002    1.819981830     
         321     1.627698343         4.603649430        5.8333289146E-002    1.805827754     
         322     2.160709641         4.756230578        6.9847216856E-003    1.718049233     
         323     1.565328167         4.614233124        9.5451347997E-002    1.757598506     
         324     1.746656897         4.543434875       -6.0813148761E-002    1.817981865     
         325     2.776045741         4.917242906        0.1140629771         1.837318693     
         326     2.774726807         4.901461696       -0.1667085698         1.868056239     
         327     2.444754597         4.741071423       -8.1353829743E-002    1.881722136     
         328     1.400648382         4.601433885        0.1748657124         1.769856444     
         329     2.257274957         4.770818377        2.9172348765E-002    2.012696838     
         330     2.127203583         4.763364385        2.4013053505E-002    1.949011106     
         331     1.856476235         4.603784970        1.0366069844E-002    1.925768551     
         332     1.775474370         4.639949256       -1.5833823846E-002    2.033643281     
         333     1.441656339         4.617681598        0.1520702545         1.832571238     
         334     2.151392053         4.693967445       -9.7315855634E-002    1.718768013     
         335     1.889640003         4.609385512       -3.4056045228E-002    1.913510379     
         336     1.501907491         4.606316496        0.1449132747         1.720868006     
         337     1.469130897         4.599885576        0.1650924259         1.743897484     
         338     1.556451439         4.546453935        0.1349650912         1.809533865     
         339     1.806019802         4.708034726        2.8034373222E-003    1.818861355     
         340     1.418776664         4.528773804        7.3675746003E-002    1.840241698     
         341     1.946333716         4.704583790        1.0057976910E-002    1.859410614     
         342     1.599911112         4.596467742       -1.9697307914E-002    1.971226179     
         343     1.592645408         4.584554577        2.1826375263E-002    1.995647012     
         344     2.067829497         4.734649276       -0.1166758475         1.848983925     
         345    0.7812182975         4.215776320        0.2848749007         1.835509653     
         346    0.8727425306         4.229209875        0.2993749799         1.824570892     
         347     1.609313563         4.628093002        4.2568573589E-002    1.869890325     
         348     2.163543795         4.711718214        1.4202931854E-002    1.785723913     
         349     2.112609063         4.717308478        5.7761725848E-002    1.771594653     
         350     2.168415331         4.670428685        4.2961637455E-002    1.745490082     
         351     2.147305873         4.759699858       -3.4720570094E-002    1.693168557     
         352     1.966377795         4.726000870       -2.3323534349E-003    1.749785781     
         353     1.325275296         4.501414481        0.1755600912         1.740066261     
         354     1.573143572         4.585441407        7.4946705789E-002    1.683677218     
         355     2.544595400         4.859294741       -1.2678277494E-002    1.943341851     
         356     2.438197638         4.839267513        4.2269206644E-002    1.940579797     
         357     2.606318588         4.834178063        1.8849856261E-002    1.872574736     
         358     1.229568742         4.435995183        6.5501161806E-002    1.748607290     
         359     1.333897259         4.472070925       -9.5289190782E-003    1.822481111     
         360     1.368021194         4.462881409        2.7773163678E-002    1.842210455     
         361     1.639667765         4.633743376        6.7784933950E-002    1.866385734     
         362     2.098047979         4.721869682       -5.9679197054E-002    1.824164662     
         363     2.111052069         4.763783574        4.6420794137E-002    1.663918584     
         364     1.753540804         4.645826847        8.7447537746E-002    1.733435964     
         365     1.887865065         4.685183707        5.2015259349E-002    1.901860566     
         366     1.849238969         4.672014949        0.1130008144         1.785487778     
         367     1.895335788         4.646547367        0.1475446311         1.748278850     
         368     1.596760405         4.605065329        7.3048495353E-002    1.891245311     
         369     1.278095438         4.466416522        0.1612776534         1.812267219     
         370     1.796114954         4.696991983        1.1868662179E-002    1.878546113     
         371     1.866400878         4.675208401        0.1333788386         1.744323270     
         372     1.848132757         4.653900505        0.1454800328         1.800001768     
         373     1.055754552         4.383208346        0.2410355027         1.986531718     
         374     1.910910525         4.620457231        5.6197928236E-002    1.699743463     
         375     1.234833583         4.530220944        0.1066256907         1.920779216     
         376    0.9771028646         4.387759607        0.3115712081         1.798904230     
         377     1.187424659         4.428075260        0.2247236643         1.818644152     
         378    0.9317513794         4.317342713        0.2816968016         1.822334771     
         379     2.053514981         4.782791507       -1.0628813104E-002    1.876214120     
         380     1.329008511         4.465735004        0.1043086992         1.674661000     
         381     1.372948536         4.526633952        7.5633334105E-002    1.743855468     
         382     1.522675537         4.466735457        2.8103458740E-002    1.884473072     
         383     1.800097498         4.641436353        2.3023108012E-003    1.876239060     
         384    0.9512190544         4.296866610        0.2815710852         1.815138054     
         385     1.497199091         4.568641064        8.0740368872E-002    1.742804226     
         386     1.610125530         4.577982419        5.0261472550E-002    1.841275424     
         387     1.557794126         4.608536660        5.0641484435E-002    1.753798305     
         388     1.797103891         4.670526162        8.2506506765E-002    1.722637143     
         389     1.462385550         4.514014759        2.0365792579E-002    1.772472642     
         390     1.485984454         4.560405320        5.9292682687E-002    1.793728199     
         391     1.367647496         4.510636045        0.1096874914         1.750481833     
         392     1.314176935         4.489419481        0.1166163072         1.715059253     
         393     1.919248673         4.688109157       -1.4056488190E-002    1.844909405     
         394     2.278556629         4.834031366        0.1528991336         1.899032834     
         395     2.385421095         4.738022282       -2.9870910403E-002    1.979534215     
         396     2.563666735         4.853799719       -7.4695434969E-002    1.822137977     
         397     2.742415381         4.927913791       -0.1315983101         1.854301304     
         398     2.901223147         4.973887013       -6.8575202925E-002    1.756268440     
         399     2.280405244         4.708616894        0.1079876594         1.818907979     
         400     1.986282270         4.670105169        7.0478544610E-002    1.887141772     
         401     1.846227749         4.642618858        5.6397225202E-002    1.856107692     
         402     2.189468251         4.769288272       -7.8679734364E-002    1.849422744     
         403     1.267659012         4.454222213        8.4819648897E-002    1.821998824     
         404     1.194038009         4.406671251        0.1086590814         1.809736873     
         405     1.678901302         4.634312931        5.1316502353E-002    1.702629062     
         406     1.591020268         4.614495290        0.1100374878         1.618761240     
         407     1.599605078         4.603856848        0.1061132692         1.661597684     
         408     1.607719384         4.606941180        0.1083863613         1.690731354     
         409     1.443947787         4.522577587        5.9215332912E-002    1.917230369     
         410     1.798138008         4.662173737        6.8107203536E-004    1.663331599     
         411     1.647515925         4.555680044        3.8353116685E-002    1.860653728     
         412     1.047326076         4.398510901        0.1509237478         1.904843596     
         413     1.839771000         4.664083711        3.6270847404E-002    1.898970423     
         414     1.832870594         4.675837407        7.1417450850E-002    1.892452216     
         415     2.140195731         4.806792544       -2.7417934564E-002    1.887708181     
         416     1.812744961         4.684189817        6.9147104077E-002    1.863667559     
         417     2.251208686         4.750726965        8.1916575861E-002    1.839979025     
         418     2.606643933         4.764678515        1.8158198395E-004    1.828650066     
         419     2.595906351         4.779168852       -1.7460461082E-002    1.862282805     
         420     2.259019146         4.809196026        3.5615669748E-002    1.803310775     
         421     2.818985072         4.854261021        1.2939226534E-002    1.766570072     
         422     3.056857116         4.910642790       -6.6757742468E-002    1.809903467     
         423     2.496571125         4.828739512        2.3192193058E-003    1.769197870     
         424     1.595242680         4.636304640        5.7437039244E-002    1.837386957     
         425     1.869780540         4.629927598        8.4421293374E-002    1.739887143     
         426     1.878470656         4.706471508       -6.4249989249E-002    1.920374541     
         427     1.393542740         4.487404140        6.2571000982E-002    1.776544030     
         428     1.279652729         4.463385080        5.9406467058E-002    1.795934241     
         429     1.653306393         4.574038546        8.3419744527E-002    1.688607806     
         430     1.555278429         4.651464928       -1.9482651697E-002    1.799583208     
         431     1.996623066         4.676053393        3.9729200464E-002    1.754084449     
         432     1.471314683         4.569748137        0.1276962716         1.853720411     
         433     1.803332730         4.672467503        4.9376400657E-002    1.785616198     
         434     1.471288098         4.515165823        4.4331994853E-002    1.798510194     
         435     1.708501308         4.664897594        7.9663615448E-002    1.770036773     
         436     1.411123072         4.606029266        0.1351825392         1.900213725     
         437     1.898028230         4.847352836       -7.2790821309E-003    1.786046239     
         438     1.597977757         4.737217575        1.2833667077E-002    1.765290331     
         439     2.031347404         4.686925386        8.0403363749E-002    1.797689555     
         440     2.146580102         4.715085907       -6.9284702444E-002    1.893783465     
         441     2.212256254         4.746887647       -5.3351423225E-002    1.858163627     
         442     1.952914853         4.708171270        7.9497401550E-002    1.930212131     
         443     1.368092815         4.474845681        5.9688671675E-002    1.683928078     
         444    0.8112702618         4.231765302        0.2303266923         1.874302045     
         445     2.003580851         4.751572793       -0.1526321308         1.769818213     
         446    0.8721564574         4.234108005        0.1504583097         1.808976904     
         447     1.085274260         4.305618108        9.1808565726E-002    1.829872074     
         448     1.197693460         4.390417866        0.1199558668         1.928869850     
         449     1.375946230         4.463219039        9.6426352394E-002    1.883940516     
         450     1.948586138         4.670595150       -2.1940607065E-002    1.810960796     
         451     1.846688682         4.678678655        8.3318917033E-002    1.734437360     
         452     1.193883156         4.386912102        6.6392537941E-002    1.714224882     
         453     1.330246907         4.428385051        0.1158332380         1.816049019     
         454     2.084611986         4.824634257        6.9555223550E-002    1.834751855     
         455     2.010589131         4.754895470        3.5925574944E-003    1.984246626     
         456     2.179135571         4.771079459        2.5174693078E-003    1.659716667     
         457     1.695910016         4.621964986        7.7146127190E-002    1.759354779     
         458     2.244290651         4.748612339       -2.9793366540E-002    1.888770944     
         459     2.029469117         4.707128076        2.7244212389E-002    1.965337465     
         460     2.395912665         4.765877617       -0.1016496630         1.937919436     
         461     1.782270975         4.648380169        5.4704798208E-002    1.906601967     
         462     1.409162580         4.503183053        0.1746041072         1.892948055     
         463     2.055409119         4.759484330        1.4264071471E-002    1.740208326     
         464     2.208396112         4.827821337       -1.9102607438E-002    1.746377783     
         465     1.523987587         4.519193715        0.1173012919         1.721187815     
         466     1.710084954         4.666140869        1.8697678134E-002    1.807697154     
         467     1.504695501         4.543312681        0.1075280227         1.758459222     
         468     2.114588158         4.792391607        3.3377832987E-002    1.900570548     
         469     2.153764972         4.814991854        4.3901587854E-002    1.925015173     
         470     1.282213927         4.485434524        0.1440831077         1.812860759     
         471     2.066337432         4.751636161       -4.1096799631E-003    1.783405176     
         472     2.577560271         4.777442192       -3.2672896893E-002    1.836149167     
         473     3.197125146         4.829817890       -4.5798023916E-002    1.883268291     
         474     4.099208843         4.899561151        4.2953929992E-002    1.737603918     
         475     4.147387816         4.931894978       -1.8399124224E-002    1.775867758     
         476     4.147387816         4.931894978       -1.8399124224E-002    1.775867758     
         477     3.851237616         4.949014171       -6.1385274141E-002    1.830832367     
         478     3.130107579         4.898424695       -1.3516191496E-002    1.717377103     
         479     3.875822146         4.951002385       -5.4144346710E-002    1.894578379     
         480     3.951385384         4.983984288       -8.4515425054E-002    1.876373764     
         481     3.783394106         4.900217799       -6.9700557828E-002    1.909690281     
         482     2.008810107         4.758910643       -0.1668831558         1.953480660     
         483     1.051536984         4.406581301        0.2136547975         1.756811314     
         484     1.185522767         4.370336246        9.2716884245E-002    1.713516457     
         485     1.439891262         4.529998236        0.1036764781         1.859558057     
         486     1.447395305         4.531469900        8.3480433842E-002    1.726976004     
         487     1.728001296         4.664462584        7.2256605522E-002    1.805180675     
         488     1.839153817         4.641355196        9.5657029299E-002    1.813745843     
         489     1.591672628         4.550989843        0.1561455146         1.866926283     
         490     1.714016787         4.696793886        1.6759546381E-002    1.907421913     
         491     1.677390726         4.647691642        6.8360199683E-002    1.925746013     
         492     1.694369513         4.673353093        7.7079671012E-002    1.776678348     
         493     1.853566329         4.656607274        2.6356701710E-002    1.938734157     
         494     1.876640403         4.683227814        6.0371580396E-002    1.630986145     
         495     1.615429730         4.596655769        6.0382796491E-002    1.902733903     
         496     1.976409996         4.737379740       -2.1448682226E-002    1.634694057     
         497     1.289506558         4.432303642        0.1049840046         1.909800452     
         498     2.037983722         4.751219518       -5.6796695405E-002    1.776696899     
         499     1.975906745         4.697779782       -7.7372162321E-002    1.752170098     
         500    0.8311956312         4.244285074        0.2526101119         1.835070518     
